NOEUD     189
00000001   0.0000E+00   0.3500E-01
00000002   0.3500E-01   0.3500E-01
00000003   0.3500E-01   0.0000E+00
00000004   0.0000E+00   0.0000E+00
00000005   0.2630E-01   0.1750E-01
00000006   0.3200E-02   0.3500E-01
00000007   0.6400E-02   0.3500E-01
00000008   0.9500E-02   0.3500E-01
00000009   0.1270E-01   0.3500E-01
00000010   0.1590E-01   0.3500E-01
00000011   0.1910E-01   0.3500E-01
00000012   0.2230E-01   0.3500E-01
00000013   0.2550E-01   0.3500E-01
00000014   0.2860E-01   0.3500E-01
00000015   0.3180E-01   0.3500E-01
00000016   0.3500E-01   0.3200E-02
00000017   0.3500E-01   0.6400E-02
00000018   0.3500E-01   0.9500E-02
00000019   0.3500E-01   0.1270E-01
00000020   0.3500E-01   0.1590E-01
00000021   0.3500E-01   0.1910E-01
00000022   0.3500E-01   0.2230E-01
00000023   0.3500E-01   0.2550E-01
00000024   0.3500E-01   0.2860E-01
00000025   0.3500E-01   0.3180E-01
00000026   0.3180E-01   0.0000E+00
00000027   0.2860E-01   0.0000E+00
00000028   0.2550E-01   0.0000E+00
00000029   0.2230E-01   0.0000E+00
00000030   0.1910E-01   0.0000E+00
00000031   0.1590E-01   0.0000E+00
00000032   0.1270E-01   0.0000E+00
00000033   0.9500E-02   0.0000E+00
00000034   0.6400E-02   0.0000E+00
00000035   0.3200E-02   0.0000E+00
00000036   0.0000E+00   0.3200E-02
00000037   0.0000E+00   0.6400E-02
00000038   0.0000E+00   0.9500E-02
00000039   0.0000E+00   0.1270E-01
00000040   0.0000E+00   0.1590E-01
00000041   0.0000E+00   0.1910E-01
00000042   0.0000E+00   0.2230E-01
00000043   0.0000E+00   0.2550E-01
00000044   0.0000E+00   0.2860E-01
00000045   0.0000E+00   0.3180E-01
00000046   0.2600E-01   0.1950E-01
00000047   0.2530E-01   0.2140E-01
00000048   0.2420E-01   0.2310E-01
00000049   0.2270E-01   0.2450E-01
00000050   0.2100E-01   0.2550E-01
00000051   0.1900E-01   0.2610E-01
00000052   0.1700E-01   0.2620E-01
00000053   0.1500E-01   0.2590E-01
00000054   0.1310E-01   0.2510E-01
00000055   0.1150E-01   0.2390E-01
00000056   0.1020E-01   0.2230E-01
00000057   0.9300E-02   0.2050E-01
00000058   0.8800E-02   0.1850E-01
00000059   0.8800E-02   0.1650E-01
00000060   0.9300E-02   0.1450E-01
00000061   0.1020E-01   0.1270E-01
00000062   0.1150E-01   0.1110E-01
00000063   0.1310E-01   0.9900E-02
00000064   0.1500E-01   0.9100E-02
00000065   0.1700E-01   0.8800E-02
00000066   0.1900E-01   0.8900E-02
00000067   0.2100E-01   0.9500E-02
00000068   0.2270E-01   0.1050E-01
00000069   0.2420E-01   0.1190E-01
00000070   0.2530E-01   0.1360E-01
00000071   0.2600E-01   0.1550E-01
00000072   0.3300E-02   0.9900E-02
00000073   0.7500E-02   0.1080E-01
00000074   0.7500E-02   0.2430E-01
00000075   0.1110E-01   0.2790E-01
00000076   0.2070E-01   0.2850E-01
00000077   0.2860E-01   0.1870E-01
00000078   0.3170E-01   0.2020E-01
00000079   0.2350E-01   0.2800E-01
00000080   0.2910E-01   0.2870E-01
00000081   0.2510E-01   0.2640E-01
00000082   0.2810E-01   0.2370E-01
00000083   0.2070E-01   0.6500E-02
00000084   0.2290E-01   0.3400E-02
00000085   0.2340E-01   0.7000E-02
00000086   0.2540E-01   0.4000E-02
00000087   0.2830E-01   0.2100E-01
00000088   0.6100E-02   0.6100E-02
00000089   0.8400E-02   0.4100E-02
00000090   0.2830E-01   0.1400E-01
00000091   0.3170E-01   0.1750E-01
00000092   0.3150E-01   0.2300E-01
00000093   0.2010E-01   0.3180E-01
00000094   0.8300E-02   0.3100E-01
00000095   0.3200E-02   0.2500E-01
00000096   0.3170E-01   0.1480E-01
00000097   0.5500E-02   0.2900E-01
00000098   0.3110E-01   0.2650E-01
00000099   0.2290E-01   0.3160E-01
00000100   0.2810E-01   0.1140E-01
00000101   0.2540E-01   0.3100E-01
00000102   0.7300E-02   0.1300E-01
00000103   0.1600E-01   0.6400E-02
00000104   0.2070E-01   0.2360E-01
00000105   0.1830E-01   0.2880E-01
00000106   0.1730E-01   0.3170E-01
00000107   0.1370E-01   0.2810E-01
00000108   0.1180E-01   0.3130E-01
00000109   0.1600E-01   0.2860E-01
00000110   0.1460E-01   0.3150E-01
00000111   0.1660E-01   0.2180E-01
00000112   0.7300E-02   0.2200E-01
00000113   0.3100E-02   0.2030E-01
00000114   0.6500E-02   0.2010E-01
00000115   0.1510E-01   0.1820E-01
00000116   0.2400E-02   0.1750E-01
00000117   0.6500E-02   0.1480E-01
00000118   0.3100E-02   0.1470E-01
00000119   0.1730E-01   0.3300E-02
00000120   0.2860E-01   0.1630E-01
00000121   0.1100E-01   0.7100E-02
00000122   0.1180E-01   0.3700E-02
00000123   0.1370E-01   0.6900E-02
00000124   0.1460E-01   0.3500E-02
00000125   0.3150E-01   0.1200E-01
00000126   0.1830E-01   0.6200E-02
00000127   0.2010E-01   0.3200E-02
00000128   0.1630E-01   0.1390E-01
00000129   0.2500E-01   0.8700E-02
00000130   0.2900E-01   0.6300E-02
00000131   0.3110E-01   0.8500E-02
00000132   0.2070E-01   0.1140E-01
00000133   0.3200E-02   0.6300E-02
00000134   0.4700E-02   0.3200E-02
00000135   0.2800E-02   0.3060E-01
00000136   0.2860E-01   0.3200E-02
00000137   0.3180E-01   0.3040E-01
00000138   0.2870E-01   0.3180E-01
00000139   0.3180E-01   0.4800E-02
00000140   0.2210E-01   0.1750E-01
00000141   0.2440E-01   0.1880E-01
00000142   0.1590E-01   0.2400E-01
00000143   0.1870E-01   0.2290E-01
00000144   0.1070E-01   0.1700E-01
00000145   0.1280E-01   0.1770E-01
00000146   0.1580E-01   0.2020E-01
00000147   0.1250E-01   0.2210E-01
00000148   0.1370E-01   0.2000E-01
00000149   0.1180E-01   0.1570E-01
00000150   0.1380E-01   0.1260E-01
00000151   0.2030E-01   0.2030E-01
00000152   0.1560E-01   0.1100E-01
00000153   0.1910E-01   0.1550E-01
00000154   0.1860E-01   0.1210E-01
00000155   0.1790E-01   0.2030E-01
00000156   0.1890E-01   0.1820E-01
00000157   0.2290E-01   0.2080E-01
00000158   0.1460E-01   0.2220E-01
00000159   0.2410E-01   0.1570E-01
00000160   0.1690E-01   0.1670E-01
00000161   0.1410E-01   0.1550E-01
00000162   0.1030E-01   0.2520E-01
00000163   0.2550E-01   0.2420E-01
00000164   0.2750E-01   0.2630E-01
00000165   0.5600E-02   0.9000E-02
00000166   0.8600E-02   0.1220E-01
00000167   0.5300E-02   0.3150E-01
00000168   0.4900E-02   0.2260E-01
00000169   0.2200E-02   0.2310E-01
00000170   0.2300E-01   0.1290E-01
00000171   0.1190E-01   0.1370E-01
00000172   0.2220E-01   0.2290E-01
00000173   0.1030E-01   0.9800E-02
00000174   0.2640E-01   0.2880E-01
00000175   0.8600E-02   0.2280E-01
00000176   0.8000E-02   0.2720E-01
00000177   0.5300E-02   0.2590E-01
00000178   0.2540E-01   0.1080E-01
00000179   0.2300E-02   0.1180E-01
00000180   0.2100E-01   0.2200E-01
00000181   0.4900E-02   0.1240E-01
00000182   0.5600E-02   0.1740E-01
00000183   0.8500E-02   0.8000E-02
00000184   0.2640E-01   0.6300E-02
00000185   0.2120E-01   0.1420E-01
00000186   0.2720E-01   0.8800E-02
00000187   0.2800E-02   0.2740E-01
00000188   0.1120E-01   0.1970E-01
00000189   0.1690E-01   0.1880E-01
TRIANGLE     332
00000001   00000133   00000037   00000036
00000002   00000134   00000133   00000036
00000003   00000135   00000045   00000044
00000004   00000134   00000036   00000035
00000005   00000173   00000166   00000073
00000006   00000175   00000162   00000074
00000007   00000162   00000056   00000055
00000008   00000026   00000003   00000016
00000009   00000184   00000136   00000130
00000010   00000136   00000027   00000026
00000011   00000076   00000051   00000050
00000012   00000077   00000046   00000005
00000013   00000078   00000021   00000022
00000014   00000079   00000076   00000050
00000015   00000079   00000050   00000049
00000016   00000137   00000025   00000015
00000017   00000138   00000137   00000015
00000018   00000138   00000015   00000014
00000019   00000025   00000002   00000015
00000020   00000163   00000048   00000047
00000021   00000083   00000067   00000066
00000022   00000084   00000029   00000028
00000023   00000132   00000067   00000068
00000024   00000085   00000068   00000067
00000025   00000139   00000136   00000026
00000026   00000163   00000047   00000082
00000027   00000134   00000088   00000133
00000028   00000133   00000072   00000038
00000029   00000090   00000071   00000070
00000030   00000087   00000082   00000047
00000031   00000087   00000047   00000046
00000032   00000087   00000046   00000077
00000033   00000162   00000055   00000054
00000034   00000094   00000008   00000007
00000035   00000036   00000004   00000035
00000036   00000120   00000096   00000091
00000037   00000167   00000097   00000094
00000038   00000187   00000044   00000043
00000039   00000164   00000163   00000082
00000040   00000093   00000012   00000011
00000041   00000100   00000090   00000070
00000042   00000045   00000006   00000001
00000043   00000081   00000079   00000049
00000044   00000183   00000165   00000088
00000045   00000183   00000173   00000073
00000046   00000170   00000132   00000068
00000047   00000141   00000046   00000047
00000048   00000103   00000065   00000064
00000049   00000157   00000141   00000047
00000050   00000142   00000053   00000054
00000051   00000158   00000142   00000054
00000052   00000188   00000144   00000145
00000053   00000172   00000157   00000048
00000054   00000104   00000049   00000050
00000055   00000098   00000023   00000024
00000056   00000105   00000052   00000051
00000057   00000167   00000094   00000007
00000058   00000107   00000075   00000054
00000059   00000105   00000051   00000076
00000060   00000167   00000135   00000097
00000061   00000107   00000054   00000053
00000062   00000147   00000054   00000055
00000063   00000104   00000050   00000051
00000064   00000142   00000052   00000053
00000065   00000143   00000142   00000111
00000066   00000188   00000057   00000058
00000067   00000169   00000095   00000043
00000068   00000169   00000043   00000042
00000069   00000169   00000168   00000095
00000070   00000144   00000058   00000059
00000071   00000113   00000042   00000041
00000072   00000182   00000117   00000059
00000073   00000179   00000039   00000038
00000074   00000166   00000102   00000073
00000075   00000085   00000067   00000083
00000076   00000092   00000078   00000022
00000077   00000158   00000054   00000147
00000078   00000182   00000059   00000058
00000079   00000134   00000035   00000034
00000080   00000158   00000148   00000146
00000081   00000089   00000034   00000033
00000082   00000124   00000119   00000103
00000083   00000147   00000055   00000056
00000084   00000178   00000100   00000070
00000085   00000124   00000122   00000032
00000086   00000119   00000031   00000030
00000087   00000170   00000068   00000069
00000088   00000144   00000059   00000060
00000089   00000158   00000146   00000111
00000090   00000085   00000083   00000084
00000091   00000178   00000070   00000069
00000092   00000086   00000084   00000028
00000093   00000171   00000061   00000062
00000094   00000172   00000048   00000049
00000095   00000171   00000062   00000150
00000096   00000150   00000062   00000063
00000097   00000181   00000073   00000102
00000098   00000116   00000113   00000041
00000099   00000173   00000062   00000061
00000100   00000173   00000061   00000166
00000101   00000114   00000058   00000057
00000102   00000175   00000056   00000162
00000103   00000108   00000094   00000075
00000104   00000108   00000075   00000107
00000105   00000110   00000106   00000010
00000106   00000106   00000093   00000011
00000107   00000125   00000018   00000019
00000108   00000120   00000090   00000096
00000109   00000120   00000077   00000005
00000110   00000091   00000078   00000077
00000111   00000106   00000011   00000010
00000112   00000174   00000164   00000080
00000113   00000138   00000080   00000137
00000114   00000174   00000081   00000164
00000115   00000174   00000138   00000101
00000116   00000101   00000013   00000099
00000117   00000092   00000022   00000023
00000118   00000137   00000024   00000025
00000119   00000123   00000103   00000064
00000120   00000139   00000026   00000016
00000121   00000127   00000126   00000119
00000122   00000127   00000083   00000126
00000123   00000086   00000085   00000084
00000124   00000125   00000019   00000096
00000125   00000120   00000091   00000077
00000126   00000125   00000096   00000090
00000127   00000087   00000077   00000078
00000128   00000098   00000092   00000023
00000129   00000126   00000103   00000119
00000130   00000124   00000032   00000031
00000131   00000123   00000064   00000063
00000132   00000122   00000089   00000033
00000133   00000129   00000068   00000085
00000134   00000125   00000090   00000100
00000135   00000091   00000020   00000021
00000136   00000091   00000021   00000078
00000137   00000092   00000087   00000078
00000138   00000092   00000082   00000087
00000139   00000099   00000013   00000012
00000140   00000099   00000012   00000093
00000141   00000110   00000010   00000009
00000142   00000175   00000112   00000057
00000143   00000162   00000054   00000075
00000144   00000176   00000075   00000094
00000145   00000096   00000019   00000020
00000146   00000096   00000020   00000091
00000147   00000135   00000006   00000045
00000148   00000187   00000043   00000095
00000149   00000164   00000081   00000163
00000150   00000098   00000082   00000092
00000151   00000099   00000093   00000076
00000152   00000099   00000076   00000079
00000153   00000139   00000130   00000136
00000154   00000178   00000069   00000068
00000155   00000101   00000099   00000079
00000156   00000174   00000080   00000138
00000157   00000116   00000041   00000040
00000158   00000179   00000038   00000072
00000159   00000126   00000083   00000066
00000160   00000122   00000033   00000032
00000161   00000154   00000152   00000065
00000162   00000185   00000132   00000170
00000163   00000109   00000107   00000053
00000164   00000105   00000076   00000093
00000165   00000109   00000053   00000052
00000166   00000106   00000105   00000093
00000167   00000108   00000009   00000008
00000168   00000109   00000052   00000105
00000169   00000108   00000008   00000094
00000170   00000109   00000105   00000106
00000171   00000110   00000009   00000108
00000172   00000110   00000108   00000107
00000173   00000110   00000107   00000109
00000174   00000110   00000109   00000106
00000175   00000157   00000047   00000048
00000176   00000172   00000049   00000104
00000177   00000114   00000057   00000112
00000178   00000168   00000112   00000074
00000179   00000179   00000118   00000039
00000180   00000118   00000116   00000040
00000181   00000117   00000102   00000060
00000182   00000177   00000168   00000074
00000183   00000148   00000145   00000115
00000184   00000180   00000104   00000143
00000185   00000117   00000060   00000059
00000186   00000182   00000058   00000114
00000187   00000118   00000040   00000039
00000188   00000182   00000114   00000113
00000189   00000182   00000113   00000116
00000190   00000181   00000102   00000117
00000191   00000127   00000030   00000029
00000192   00000127   00000029   00000084
00000193   00000120   00000005   00000071
00000194   00000120   00000071   00000090
00000195   00000173   00000121   00000063
00000196   00000183   00000073   00000165
00000197   00000122   00000121   00000089
00000198   00000123   00000063   00000121
00000199   00000124   00000031   00000119
00000200   00000123   00000121   00000122
00000201   00000124   00000123   00000122
00000202   00000124   00000103   00000123
00000203   00000184   00000086   00000136
00000204   00000184   00000129   00000085
00000205   00000126   00000066   00000065
00000206   00000126   00000065   00000103
00000207   00000127   00000084   00000083
00000208   00000127   00000119   00000030
00000209   00000153   00000185   00000140
00000210   00000141   00000005   00000046
00000211   00000154   00000065   00000066
00000212   00000152   00000064   00000065
00000213   00000139   00000016   00000017
00000214   00000131   00000017   00000018
00000215   00000131   00000018   00000125
00000216   00000178   00000068   00000129
00000217   00000131   00000125   00000100
00000218   00000186   00000131   00000100
00000219   00000154   00000153   00000128
00000220   00000132   00000066   00000067
00000221   00000133   00000038   00000037
00000222   00000181   00000117   00000118
00000223   00000134   00000089   00000088
00000224   00000134   00000034   00000089
00000225   00000187   00000177   00000097
00000226   00000187   00000095   00000177
00000227   00000136   00000086   00000028
00000228   00000136   00000028   00000027
00000229   00000137   00000098   00000024
00000230   00000137   00000080   00000098
00000231   00000138   00000014   00000013
00000232   00000138   00000013   00000101
00000233   00000139   00000131   00000130
00000234   00000139   00000017   00000131
00000235   00000185   00000170   00000159
00000236   00000185   00000159   00000140
00000237   00000159   00000070   00000071
00000238   00000159   00000141   00000140
00000239   00000155   00000151   00000143
00000240   00000143   00000104   00000051
00000241   00000143   00000051   00000052
00000242   00000143   00000052   00000142
00000243   00000140   00000156   00000153
00000244   00000152   00000150   00000063
00000245   00000161   00000115   00000145
00000246   00000149   00000144   00000060
00000247   00000155   00000143   00000111
00000248   00000155   00000111   00000146
00000249   00000188   00000058   00000144
00000250   00000148   00000115   00000146
00000251   00000188   00000147   00000056
00000252   00000188   00000056   00000057
00000253   00000171   00000149   00000060
00000254   00000149   00000145   00000144
00000255   00000161   00000145   00000149
00000256   00000161   00000150   00000128
00000257   00000161   00000128   00000160
00000258   00000152   00000063   00000064
00000259   00000152   00000128   00000150
00000260   00000156   00000140   00000151
00000261   00000189   00000155   00000146
00000262   00000154   00000128   00000152
00000263   00000154   00000066   00000132
00000264   00000156   00000151   00000155
00000265   00000189   00000146   00000115
00000266   00000160   00000128   00000153
00000267   00000157   00000151   00000140
00000268   00000157   00000140   00000141
00000269   00000158   00000111   00000142
00000270   00000158   00000147   00000148
00000271   00000159   00000071   00000005
00000272   00000159   00000005   00000141
00000273   00000189   00000115   00000160
00000274   00000160   00000153   00000156
00000275   00000161   00000160   00000115
00000276   00000171   00000060   00000061
00000277   00000176   00000094   00000097
00000278   00000177   00000095   00000168
00000279   00000163   00000081   00000049
00000280   00000163   00000049   00000048
00000281   00000164   00000098   00000080
00000282   00000164   00000082   00000098
00000283   00000165   00000133   00000088
00000284   00000165   00000072   00000133
00000285   00000166   00000061   00000060
00000286   00000166   00000060   00000102
00000287   00000167   00000007   00000006
00000288   00000167   00000006   00000135
00000289   00000168   00000114   00000112
00000290   00000168   00000113   00000114
00000291   00000169   00000042   00000113
00000292   00000169   00000113   00000168
00000293   00000170   00000069   00000070
00000294   00000170   00000070   00000159
00000295   00000171   00000161   00000149
00000296   00000171   00000150   00000161
00000297   00000180   00000143   00000151
00000298   00000180   00000172   00000104
00000299   00000173   00000063   00000062
00000300   00000183   00000088   00000089
00000301   00000174   00000101   00000079
00000302   00000174   00000079   00000081
00000303   00000175   00000057   00000056
00000304   00000175   00000074   00000112
00000305   00000176   00000074   00000162
00000306   00000176   00000162   00000075
00000307   00000177   00000176   00000097
00000308   00000177   00000074   00000176
00000309   00000186   00000130   00000131
00000310   00000186   00000100   00000178
00000311   00000181   00000165   00000073
00000312   00000181   00000072   00000165
00000313   00000180   00000151   00000157
00000314   00000180   00000157   00000172
00000315   00000181   00000179   00000072
00000316   00000181   00000118   00000179
00000317   00000182   00000118   00000117
00000318   00000182   00000116   00000118
00000319   00000183   00000089   00000121
00000320   00000183   00000121   00000173
00000321   00000184   00000085   00000086
00000322   00000186   00000178   00000129
00000323   00000185   00000154   00000132
00000324   00000185   00000153   00000154
00000325   00000186   00000184   00000130
00000326   00000186   00000129   00000184
00000327   00000187   00000135   00000044
00000328   00000187   00000097   00000135
00000329   00000188   00000148   00000147
00000330   00000188   00000145   00000148
00000331   00000189   00000160   00000156
00000332   00000189   00000156   00000155
