NOEUD     126
00000001   0.0000E+00   0.3500E-01
00000002   0.3500E-01   0.3500E-01
00000003   0.3500E-01   0.0000E+00
00000004   0.0000E+00   0.0000E+00
00000005   0.3200E-02   0.3500E-01
00000006   0.6400E-02   0.3500E-01
00000007   0.9500E-02   0.3500E-01
00000008   0.1270E-01   0.3500E-01
00000009   0.1590E-01   0.3500E-01
00000010   0.1910E-01   0.3500E-01
00000011   0.2230E-01   0.3500E-01
00000012   0.2550E-01   0.3500E-01
00000013   0.2860E-01   0.3500E-01
00000014   0.3180E-01   0.3500E-01
00000015   0.3500E-01   0.3180E-01
00000016   0.3500E-01   0.2860E-01
00000017   0.3500E-01   0.2550E-01
00000018   0.3500E-01   0.2230E-01
00000019   0.3500E-01   0.1910E-01
00000020   0.3500E-01   0.1590E-01
00000021   0.3500E-01   0.1270E-01
00000022   0.3500E-01   0.9500E-02
00000023   0.3500E-01   0.6400E-02
00000024   0.3500E-01   0.3200E-02
00000025   0.3180E-01   0.0000E+00
00000026   0.2860E-01   0.0000E+00
00000027   0.2550E-01   0.0000E+00
00000028   0.2230E-01   0.0000E+00
00000029   0.1910E-01   0.0000E+00
00000030   0.1590E-01   0.0000E+00
00000031   0.1270E-01   0.0000E+00
00000032   0.9500E-02   0.0000E+00
00000033   0.6400E-02   0.0000E+00
00000034   0.3200E-02   0.0000E+00
00000035   0.0000E+00   0.3200E-02
00000036   0.0000E+00   0.6400E-02
00000037   0.0000E+00   0.9500E-02
00000038   0.0000E+00   0.1270E-01
00000039   0.0000E+00   0.1590E-01
00000040   0.0000E+00   0.1910E-01
00000041   0.0000E+00   0.2230E-01
00000042   0.0000E+00   0.2550E-01
00000043   0.0000E+00   0.2860E-01
00000044   0.0000E+00   0.3180E-01
00000045   0.4400E-02   0.2700E-02
00000046   0.4000E-02   0.3000E-01
00000047   0.2960E-01   0.3240E-01
00000048   0.3210E-01   0.2710E-01
00000049   0.2500E-01   0.3130E-01
00000050   0.1120E-01   0.5800E-02
00000051   0.1800E-01   0.1080E-01
00000052   0.2190E-01   0.1690E-01
00000053   0.1800E-01   0.2330E-01
00000054   0.3240E-01   0.5400E-02
00000055   0.2730E-01   0.3300E-02
00000056   0.2940E-01   0.9500E-02
00000057   0.6200E-02   0.2310E-01
00000058   0.1060E-01   0.3110E-01
00000059   0.3200E-02   0.9500E-02
00000060   0.7300E-02   0.3180E-01
00000061   0.2940E-01   0.1820E-01
00000062   0.3170E-01   0.2130E-01
00000063   0.1670E-01   0.3500E-02
00000064   0.1750E-01   0.7000E-02
00000065   0.2030E-01   0.4600E-02
00000066   0.2950E-01   0.2490E-01
00000067   0.2760E-01   0.2230E-01
00000068   0.2530E-01   0.1980E-01
00000069   0.3700E-02   0.5900E-02
00000070   0.2800E-02   0.2220E-01
00000071   0.4500E-02   0.2630E-01
00000072   0.1190E-01   0.2310E-01
00000073   0.7100E-02   0.4000E-02
00000074   0.4500E-02   0.1310E-01
00000075   0.5300E-02   0.1640E-01
00000076   0.6200E-02   0.2020E-01
00000077   0.2860E-01   0.2910E-01
00000078   0.2540E-01   0.2640E-01
00000079   0.2400E-01   0.2310E-01
00000080   0.1830E-01   0.1990E-01
00000081   0.1790E-01   0.1650E-01
00000082   0.2100E-01   0.2570E-01
00000083   0.1850E-01   0.2860E-01
00000084   0.2500E-01   0.1370E-01
00000085   0.2780E-01   0.1150E-01
00000086   0.2900E-01   0.6400E-02
00000087   0.2420E-01   0.9900E-02
00000088   0.1070E-01   0.1900E-01
00000089   0.1520E-01   0.1320E-01
00000090   0.1170E-01   0.1020E-01
00000091   0.7500E-02   0.9200E-02
00000092   0.1440E-01   0.8700E-02
00000093   0.3140E-01   0.1190E-01
00000094   0.1140E-01   0.2700E-01
00000095   0.2120E-01   0.3060E-01
00000096   0.1490E-01   0.2140E-01
00000097   0.2390E-01   0.4100E-02
00000098   0.1460E-01   0.2930E-01
00000099   0.7700E-02   0.2850E-01
00000100   0.2140E-01   0.2140E-01
00000101   0.1700E-01   0.3230E-01
00000102   0.8400E-02   0.2500E-01
00000103   0.1470E-01   0.2510E-01
00000104   0.3200E-01   0.3070E-01
00000105   0.2750E-01   0.3250E-01
00000106   0.3270E-01   0.2420E-01
00000107   0.3070E-01   0.3000E-02
00000108   0.1470E-01   0.5500E-02
00000109   0.3260E-01   0.1800E-01
00000110   0.1890E-01   0.1400E-01
00000111   0.4200E-02   0.3270E-01
00000112   0.3220E-01   0.8100E-02
00000113   0.3190E-01   0.1540E-01
00000114   0.1740E-01   0.2640E-01
00000115   0.1360E-01   0.2700E-02
00000116   0.2170E-01   0.1250E-01
00000117   0.2900E-02   0.1880E-01
00000118   0.8700E-02   0.2210E-01
00000119   0.2600E-01   0.1660E-01
00000120   0.2070E-01   0.8700E-02
00000121   0.2290E-01   0.6800E-02
00000122   0.2730E-01   0.8700E-02
00000123   0.1000E-01   0.1420E-01
00000124   0.1450E-01   0.1740E-01
00000125   0.2860E-01   0.1460E-01
00000126   0.2570E-01   0.6700E-02
TRIANGLE     206
00000001   00000069   00000036   00000035
00000002   00000045   00000035   00000034
00000003   00000046   00000044   00000043
00000004   00000045   00000034   00000033
00000005   00000059   00000037   00000036
00000006   00000071   00000046   00000043
00000007   00000060   00000058   00000007
00000008   00000015   00000002   00000014
00000009   00000104   00000048   00000016
00000010   00000104   00000016   00000015
00000011   00000047   00000014   00000013
00000012   00000104   00000015   00000014
00000013   00000105   00000047   00000013
00000014   00000048   00000017   00000016
00000015   00000105   00000013   00000012
00000016   00000106   00000062   00000018
00000017   00000106   00000018   00000017
00000018   00000012   00000011   00000049
00000019   00000092   00000064   00000051
00000020   00000063   00000030   00000029
00000021   00000025   00000003   00000024
00000022   00000107   00000055   00000026
00000023   00000107   00000026   00000025
00000024   00000054   00000024   00000023
00000025   00000107   00000025   00000024
00000026   00000065   00000063   00000029
00000027   00000055   00000027   00000026
00000028   00000112   00000054   00000023
00000029   00000109   00000062   00000061
00000030   00000108   00000092   00000050
00000031   00000097   00000028   00000027
00000032   00000073   00000045   00000033
00000033   00000069   00000035   00000045
00000034   00000065   00000029   00000028
00000035   00000035   00000004   00000034
00000036   00000093   00000085   00000056
00000037   00000060   00000007   00000006
00000038   00000111   00000005   00000044
00000039   00000113   00000093   00000021
00000040   00000070   00000041   00000040
00000041   00000071   00000043   00000042
00000042   00000044   00000005   00000001
00000043   00000074   00000039   00000038
00000044   00000059   00000038   00000037
00000045   00000071   00000070   00000057
00000046   00000111   00000044   00000046
00000047   00000118   00000102   00000057
00000048   00000058   00000008   00000007
00000049   00000069   00000059   00000036
00000050   00000074   00000038   00000059
00000051   00000104   00000014   00000047
00000052   00000095   00000049   00000011
00000053   00000073   00000033   00000032
00000054   00000115   00000050   00000032
00000055   00000109   00000019   00000062
00000056   00000110   00000052   00000081
00000057   00000095   00000011   00000010
00000058   00000111   00000060   00000006
00000059   00000106   00000066   00000062
00000060   00000101   00000095   00000010
00000061   00000062   00000019   00000018
00000062   00000112   00000023   00000022
00000063   00000109   00000020   00000019
00000064   00000107   00000024   00000054
00000065   00000116   00000087   00000084
00000066   00000120   00000051   00000064
00000067   00000070   00000042   00000041
00000068   00000114   00000103   00000053
00000069   00000114   00000053   00000082
00000070   00000101   00000083   00000095
00000071   00000108   00000063   00000064
00000072   00000103   00000094   00000072
00000073   00000071   00000042   00000070
00000074   00000099   00000060   00000046
00000075   00000079   00000068   00000067
00000076   00000112   00000093   00000056
00000077   00000079   00000067   00000078
00000078   00000078   00000067   00000066
00000079   00000108   00000064   00000092
00000080   00000115   00000032   00000031
00000081   00000125   00000061   00000119
00000082   00000112   00000022   00000093
00000083   00000097   00000027   00000055
00000084   00000065   00000064   00000063
00000085   00000012   00000049   00000105
00000086   00000098   00000008   00000058
00000087   00000067   00000061   00000062
00000088   00000067   00000062   00000066
00000089   00000116   00000084   00000052
00000090   00000068   00000061   00000067
00000091   00000073   00000032   00000050
00000092   00000073   00000069   00000045
00000093   00000123   00000091   00000090
00000094   00000117   00000076   00000070
00000095   00000103   00000072   00000096
00000096   00000099   00000046   00000071
00000097   00000117   00000070   00000040
00000098   00000075   00000039   00000074
00000099   00000091   00000074   00000059
00000100   00000091   00000073   00000050
00000101   00000117   00000040   00000039
00000102   00000091   00000050   00000090
00000103   00000081   00000052   00000080
00000104   00000076   00000057   00000070
00000105   00000123   00000074   00000091
00000106   00000088   00000076   00000075
00000107   00000077   00000066   00000048
00000108   00000082   00000079   00000078
00000109   00000078   00000077   00000049
00000110   00000078   00000066   00000077
00000111   00000118   00000072   00000102
00000112   00000100   00000053   00000080
00000113   00000100   00000080   00000052
00000114   00000100   00000052   00000068
00000115   00000118   00000088   00000072
00000116   00000092   00000051   00000089
00000117   00000100   00000068   00000079
00000118   00000095   00000083   00000082
00000119   00000101   00000009   00000008
00000120   00000103   00000096   00000053
00000121   00000125   00000119   00000084
00000122   00000119   00000068   00000052
00000123   00000087   00000085   00000084
00000124   00000120   00000064   00000065
00000125   00000097   00000065   00000028
00000126   00000121   00000087   00000120
00000127   00000122   00000086   00000056
00000128   00000122   00000056   00000085
00000129   00000088   00000123   00000124
00000130   00000096   00000080   00000053
00000131   00000096   00000072   00000088
00000132   00000124   00000089   00000081
00000133   00000116   00000052   00000110
00000134   00000123   00000089   00000124
00000135   00000123   00000088   00000075
00000136   00000123   00000075   00000074
00000137   00000091   00000059   00000069
00000138   00000091   00000069   00000073
00000139   00000092   00000089   00000090
00000140   00000092   00000090   00000050
00000141   00000093   00000022   00000021
00000142   00000113   00000021   00000020
00000143   00000099   00000058   00000060
00000144   00000102   00000072   00000094
00000145   00000095   00000082   00000078
00000146   00000095   00000078   00000049
00000147   00000124   00000081   00000080
00000148   00000124   00000080   00000096
00000149   00000126   00000097   00000055
00000150   00000122   00000085   00000087
00000151   00000098   00000058   00000094
00000152   00000101   00000008   00000098
00000153   00000102   00000099   00000071
00000154   00000099   00000094   00000058
00000155   00000100   00000082   00000053
00000156   00000100   00000079   00000082
00000157   00000101   00000010   00000009
00000158   00000101   00000098   00000083
00000159   00000102   00000071   00000057
00000160   00000102   00000094   00000099
00000161   00000103   00000098   00000094
00000162   00000114   00000082   00000083
00000163   00000104   00000077   00000048
00000164   00000104   00000047   00000077
00000165   00000105   00000077   00000047
00000166   00000105   00000049   00000077
00000167   00000106   00000017   00000048
00000168   00000106   00000048   00000066
00000169   00000107   00000086   00000055
00000170   00000107   00000054   00000086
00000171   00000115   00000031   00000030
00000172   00000115   00000030   00000063
00000173   00000125   00000084   00000085
00000174   00000125   00000113   00000061
00000175   00000110   00000089   00000051
00000176   00000110   00000081   00000089
00000177   00000111   00000006   00000005
00000178   00000111   00000046   00000060
00000179   00000112   00000086   00000054
00000180   00000112   00000056   00000086
00000181   00000113   00000020   00000109
00000182   00000113   00000109   00000061
00000183   00000114   00000083   00000098
00000184   00000114   00000098   00000103
00000185   00000115   00000108   00000050
00000186   00000115   00000063   00000108
00000187   00000116   00000110   00000051
00000188   00000126   00000055   00000086
00000189   00000117   00000039   00000075
00000190   00000117   00000075   00000076
00000191   00000118   00000057   00000076
00000192   00000118   00000076   00000088
00000193   00000119   00000052   00000084
00000194   00000119   00000061   00000068
00000195   00000120   00000116   00000051
00000196   00000120   00000087   00000116
00000197   00000121   00000120   00000065
00000198   00000121   00000065   00000097
00000199   00000126   00000121   00000097
00000200   00000126   00000086   00000122
00000201   00000123   00000090   00000089
00000202   00000124   00000096   00000088
00000203   00000125   00000085   00000093
00000204   00000125   00000093   00000113
00000205   00000126   00000122   00000087
00000206   00000126   00000087   00000121
