NOEUD      86
00000001   0.0000E+00   0.3500E-01
00000002   0.3500E-01   0.3500E-01
00000003   0.3500E-01   0.0000E+00
00000004   0.0000E+00   0.0000E+00
00000005   0.3900E-02   0.3500E-01
00000006   0.7800E-02   0.3500E-01
00000007   0.1170E-01   0.3500E-01
00000008   0.1560E-01   0.3500E-01
00000009   0.1940E-01   0.3500E-01
00000010   0.2330E-01   0.3500E-01
00000011   0.2720E-01   0.3500E-01
00000012   0.3110E-01   0.3500E-01
00000013   0.3500E-01   0.3110E-01
00000014   0.3500E-01   0.2720E-01
00000015   0.3500E-01   0.2330E-01
00000016   0.3500E-01   0.1940E-01
00000017   0.3500E-01   0.1560E-01
00000018   0.3500E-01   0.1170E-01
00000019   0.3500E-01   0.7800E-02
00000020   0.3500E-01   0.3900E-02
00000021   0.3110E-01   0.0000E+00
00000022   0.2720E-01   0.0000E+00
00000023   0.2330E-01   0.0000E+00
00000024   0.1940E-01   0.0000E+00
00000025   0.1560E-01   0.0000E+00
00000026   0.1170E-01   0.0000E+00
00000027   0.7800E-02   0.0000E+00
00000028   0.3900E-02   0.0000E+00
00000029   0.0000E+00   0.3900E-02
00000030   0.0000E+00   0.7800E-02
00000031   0.0000E+00   0.1170E-01
00000032   0.0000E+00   0.1560E-01
00000033   0.0000E+00   0.1940E-01
00000034   0.0000E+00   0.2330E-01
00000035   0.0000E+00   0.2720E-01
00000036   0.0000E+00   0.3110E-01
00000037   0.6300E-02   0.3900E-02
00000038   0.3400E-02   0.2970E-01
00000039   0.2910E-01   0.3120E-01
00000040   0.3030E-01   0.2650E-01
00000041   0.4600E-02   0.1040E-01
00000042   0.1240E-01   0.7500E-02
00000043   0.1860E-01   0.1230E-01
00000044   0.3180E-01   0.6800E-02
00000045   0.2490E-01   0.3900E-02
00000046   0.2230E-01   0.1730E-01
00000047   0.1810E-01   0.2460E-01
00000048   0.1180E-01   0.3060E-01
00000049   0.4800E-02   0.7300E-02
00000050   0.2460E-01   0.1260E-01
00000051   0.1530E-01   0.8600E-02
00000052   0.1950E-01   0.3700E-02
00000053   0.1800E-01   0.7400E-02
00000054   0.7000E-02   0.3050E-01
00000055   0.1050E-01   0.2270E-01
00000056   0.1020E-01   0.1690E-01
00000057   0.2110E-01   0.2610E-01
00000058   0.2500E-01   0.2960E-01
00000059   0.2730E-01   0.1710E-01
00000060   0.3150E-01   0.1710E-01
00000061   0.5100E-02   0.2580E-01
00000062   0.1450E-01   0.2660E-01
00000063   0.2010E-01   0.2170E-01
00000064   0.8300E-02   0.1240E-01
00000065   0.2780E-01   0.8300E-02
00000066   0.1470E-01   0.4400E-02
00000067   0.3050E-01   0.2100E-01
00000068   0.2060E-01   0.3070E-01
00000069   0.1490E-01   0.1590E-01
00000070   0.1780E-01   0.1770E-01
00000071   0.3040E-01   0.1310E-01
00000072   0.1510E-01   0.2080E-01
00000073   0.3190E-01   0.3020E-01
00000074   0.2940E-01   0.3500E-02
00000075   0.2600E-02   0.1750E-01
00000076   0.1030E-01   0.4000E-02
00000077   0.4900E-02   0.2000E-01
00000078   0.5200E-02   0.1470E-01
00000079   0.8700E-02   0.8400E-02
00000080   0.2540E-01   0.2290E-01
00000081   0.2220E-01   0.8000E-02
00000082   0.1010E-01   0.2720E-01
00000083   0.1670E-01   0.3090E-01
00000084   0.1820E-01   0.2780E-01
00000085   0.1280E-01   0.1170E-01
00000086   0.3200E-01   0.9500E-02
TRIANGLE     134
00000001   00000049   00000030   00000029
00000002   00000037   00000029   00000028
00000003   00000038   00000036   00000035
00000004   00000037   00000028   00000027
00000005   00000041   00000031   00000030
00000006   00000061   00000038   00000035
00000007   00000048   00000007   00000006
00000008   00000013   00000002   00000012
00000009   00000073   00000040   00000014
00000010   00000073   00000014   00000013
00000011   00000039   00000012   00000011
00000012   00000073   00000013   00000012
00000013   00000058   00000039   00000011
00000014   00000040   00000015   00000014
00000015   00000076   00000037   00000027
00000016   00000067   00000016   00000015
00000017   00000049   00000029   00000037
00000018   00000021   00000003   00000020
00000019   00000074   00000045   00000022
00000020   00000074   00000022   00000021
00000021   00000044   00000020   00000019
00000022   00000074   00000021   00000020
00000023   00000081   00000065   00000050
00000024   00000053   00000043   00000051
00000025   00000054   00000048   00000006
00000026   00000061   00000035   00000034
00000027   00000075   00000033   00000032
00000028   00000045   00000023   00000022
00000029   00000029   00000004   00000028
00000030   00000049   00000041   00000030
00000031   00000066   00000051   00000042
00000032   00000078   00000077   00000075
00000033   00000038   00000005   00000036
00000034   00000036   00000005   00000001
00000035   00000086   00000044   00000019
00000036   00000076   00000027   00000026
00000037   00000054   00000006   00000005
00000038   00000058   00000011   00000010
00000039   00000050   00000046   00000043
00000040   00000060   00000017   00000016
00000041   00000068   00000058   00000010
00000042   00000078   00000056   00000077
00000043   00000076   00000066   00000042
00000044   00000054   00000005   00000038
00000045   00000067   00000015   00000040
00000046   00000077   00000056   00000055
00000047   00000063   00000057   00000047
00000048   00000066   00000026   00000025
00000049   00000067   00000060   00000016
00000050   00000068   00000010   00000009
00000051   00000052   00000025   00000024
00000052   00000052   00000024   00000023
00000053   00000052   00000023   00000045
00000054   00000080   00000063   00000046
00000055   00000077   00000055   00000061
00000056   00000067   00000059   00000060
00000057   00000083   00000008   00000048
00000058   00000048   00000008   00000007
00000059   00000079   00000064   00000041
00000060   00000076   00000026   00000066
00000061   00000080   00000057   00000063
00000062   00000074   00000020   00000044
00000063   00000046   00000070   00000043
00000064   00000079   00000041   00000049
00000065   00000066   00000025   00000052
00000066   00000081   00000045   00000065
00000067   00000081   00000050   00000043
00000068   00000081   00000043   00000053
00000069   00000070   00000069   00000043
00000070   00000082   00000061   00000055
00000071   00000072   00000062   00000055
00000072   00000082   00000054   00000061
00000073   00000085   00000051   00000043
00000074   00000085   00000043   00000069
00000075   00000082   00000048   00000054
00000076   00000068   00000057   00000058
00000077   00000080   00000046   00000059
00000078   00000058   00000040   00000039
00000079   00000072   00000047   00000062
00000080   00000071   00000050   00000065
00000081   00000059   00000046   00000050
00000082   00000071   00000060   00000059
00000083   00000017   00000060   00000071
00000084   00000061   00000054   00000038
00000085   00000077   00000033   00000075
00000086   00000083   00000048   00000062
00000087   00000083   00000068   00000009
00000088   00000072   00000070   00000063
00000089   00000078   00000032   00000031
00000090   00000070   00000046   00000063
00000091   00000071   00000059   00000050
00000092   00000086   00000019   00000018
00000093   00000066   00000053   00000051
00000094   00000066   00000052   00000053
00000095   00000080   00000059   00000067
00000096   00000080   00000058   00000057
00000097   00000083   00000009   00000008
00000098   00000084   00000083   00000062
00000099   00000085   00000079   00000042
00000100   00000085   00000042   00000051
00000101   00000072   00000063   00000047
00000102   00000072   00000055   00000056
00000103   00000086   00000071   00000065
00000104   00000017   00000071   00000018
00000105   00000072   00000056   00000069
00000106   00000072   00000069   00000070
00000107   00000073   00000012   00000039
00000108   00000073   00000039   00000040
00000109   00000074   00000065   00000045
00000110   00000074   00000044   00000065
00000111   00000078   00000031   00000041
00000112   00000078   00000064   00000056
00000113   00000085   00000069   00000056
00000114   00000079   00000049   00000037
00000115   00000077   00000061   00000034
00000116   00000077   00000034   00000033
00000117   00000078   00000041   00000064
00000118   00000078   00000075   00000032
00000119   00000079   00000037   00000076
00000120   00000079   00000076   00000042
00000121   00000080   00000067   00000040
00000122   00000080   00000040   00000058
00000123   00000081   00000053   00000052
00000124   00000081   00000052   00000045
00000125   00000082   00000062   00000048
00000126   00000082   00000055   00000062
00000127   00000084   00000062   00000047
00000128   00000084   00000047   00000057
00000129   00000084   00000057   00000068
00000130   00000084   00000068   00000083
00000131   00000085   00000056   00000064
00000132   00000085   00000064   00000079
00000133   00000086   00000065   00000044
00000134   00000086   00000018   00000071
