NOEUD      58
00000001   0.0000E+00   0.3500E-01
00000002   0.3500E-01   0.3500E-01
00000003   0.3500E-01   0.0000E+00
00000004   0.0000E+00   0.0000E+00
00000005   0.5000E-02   0.3500E-01
00000006   0.1000E-01   0.3500E-01
00000007   0.1500E-01   0.3500E-01
00000008   0.2000E-01   0.3500E-01
00000009   0.2500E-01   0.3500E-01
00000010   0.3000E-01   0.3500E-01
00000011   0.3500E-01   0.3000E-01
00000012   0.3500E-01   0.2500E-01
00000013   0.3500E-01   0.2000E-01
00000014   0.3500E-01   0.1500E-01
00000015   0.3500E-01   0.1000E-01
00000016   0.3500E-01   0.5000E-02
00000017   0.3000E-01   0.0000E+00
00000018   0.2500E-01   0.0000E+00
00000019   0.2000E-01   0.0000E+00
00000020   0.1500E-01   0.0000E+00
00000021   0.1000E-01   0.0000E+00
00000022   0.5000E-02   0.0000E+00
00000023   0.0000E+00   0.5000E-02
00000024   0.0000E+00   0.1000E-01
00000025   0.0000E+00   0.1500E-01
00000026   0.0000E+00   0.2000E-01
00000027   0.0000E+00   0.2500E-01
00000028   0.0000E+00   0.3000E-01
00000029   0.8300E-02   0.5300E-02
00000030   0.4800E-02   0.2630E-01
00000031   0.6200E-02   0.1090E-01
00000032   0.1790E-01   0.1170E-01
00000033   0.2300E-01   0.1920E-01
00000034   0.1930E-01   0.2440E-01
00000035   0.2780E-01   0.2980E-01
00000036   0.2970E-01   0.7300E-02
00000037   0.1210E-01   0.3110E-01
00000038   0.1250E-01   0.8600E-02
00000039   0.5900E-02   0.1660E-01
00000040   0.5300E-02   0.2180E-01
00000041   0.1810E-01   0.5600E-02
00000042   0.2900E-01   0.1860E-01
00000043   0.2500E-01   0.2420E-01
00000044   0.2390E-01   0.1020E-01
00000045   0.1660E-01   0.2990E-01
00000046   0.1060E-01   0.1880E-01
00000047   0.1750E-01   0.1830E-01
00000048   0.1170E-01   0.1410E-01
00000049   0.1170E-01   0.2520E-01
00000050   0.2460E-01   0.5000E-02
00000051   0.2980E-01   0.1250E-01
00000052   0.3000E-01   0.2460E-01
00000053   0.2230E-01   0.2970E-01
00000054   0.4200E-02   0.6700E-02
00000055   0.1260E-01   0.4100E-02
00000056   0.2170E-01   0.1460E-01
00000057   0.7200E-02   0.3060E-01
00000058   0.2550E-01   0.1500E-01
TRIANGLE      86
00000001   00000054   00000031   00000024
00000002   00000054   00000024   00000023
00000003   00000029   00000022   00000021
00000004   00000054   00000023   00000022
00000005   00000040   00000030   00000027
00000006   00000055   00000029   00000021
00000007   00000031   00000025   00000024
00000008   00000055   00000021   00000020
00000009   00000040   00000027   00000026
00000010   00000039   00000026   00000025
00000011   00000011   00000002   00000010
00000012   00000052   00000012   00000011
00000013   00000035   00000011   00000010
00000014   00000055   00000038   00000029
00000015   00000052   00000011   00000035
00000016   00000035   00000010   00000009
00000017   00000017   00000003   00000016
00000018   00000050   00000018   00000017
00000019   00000036   00000017   00000016
00000020   00000053   00000043   00000035
00000021   00000041   00000020   00000019
00000022   00000043   00000034   00000033
00000023   00000023   00000004   00000022
00000024   00000030   00000028   00000027
00000025   00000041   00000032   00000038
00000026   00000028   00000005   00000001
00000027   00000036   00000016   00000015
00000028   00000057   00000037   00000006
00000029   00000057   00000006   00000005
00000030   00000050   00000017   00000036
00000031   00000056   00000032   00000044
00000032   00000043   00000033   00000042
00000033   00000057   00000005   00000028
00000034   00000049   00000045   00000037
00000035   00000045   00000007   00000037
00000036   00000039   00000025   00000031
00000037   00000040   00000026   00000039
00000038   00000048   00000047   00000046
00000039   00000053   00000034   00000043
00000040   00000045   00000008   00000007
00000041   00000051   00000036   00000015
00000042   00000042   00000014   00000013
00000043   00000037   00000007   00000006
00000044   00000056   00000047   00000032
00000045   00000046   00000040   00000039
00000046   00000038   00000031   00000029
00000047   00000048   00000032   00000047
00000048   00000048   00000038   00000032
00000049   00000048   00000046   00000039
00000050   00000049   00000034   00000045
00000051   00000044   00000032   00000041
00000052   00000050   00000041   00000019
00000053   00000051   00000015   00000014
00000054   00000050   00000019   00000018
00000055   00000052   00000042   00000013
00000056   00000052   00000013   00000012
00000057   00000051   00000014   00000042
00000058   00000058   00000051   00000042
00000059   00000053   00000035   00000009
00000060   00000053   00000009   00000008
00000061   00000057   00000028   00000030
00000062   00000049   00000030   00000040
00000063   00000047   00000033   00000034
00000064   00000049   00000040   00000046
00000065   00000048   00000039   00000031
00000066   00000048   00000031   00000038
00000067   00000049   00000047   00000034
00000068   00000049   00000046   00000047
00000069   00000050   00000044   00000041
00000070   00000050   00000036   00000044
00000071   00000056   00000033   00000047
00000072   00000051   00000044   00000036
00000073   00000052   00000043   00000042
00000074   00000052   00000035   00000043
00000075   00000053   00000008   00000045
00000076   00000053   00000045   00000034
00000077   00000054   00000022   00000029
00000078   00000054   00000029   00000031
00000079   00000055   00000041   00000038
00000080   00000055   00000020   00000041
00000081   00000058   00000042   00000033
00000082   00000058   00000033   00000056
00000083   00000057   00000049   00000037
00000084   00000057   00000030   00000049
00000085   00000058   00000056   00000044
00000086   00000058   00000044   00000051
