NOEUD      32
00000001   0.0000E+00   0.3500E-01
00000002   0.3500E-01   0.3500E-01
00000003   0.3500E-01   0.0000E+00
00000004   0.0000E+00   0.0000E+00
00000005   0.7000E-02   0.3500E-01
00000006   0.1400E-01   0.3500E-01
00000007   0.2100E-01   0.3500E-01
00000008   0.2800E-01   0.3500E-01
00000009   0.3500E-01   0.2800E-01
00000010   0.3500E-01   0.2100E-01
00000011   0.3500E-01   0.1400E-01
00000012   0.3500E-01   0.7000E-02
00000013   0.2800E-01   0.0000E+00
00000014   0.2100E-01   0.0000E+00
00000015   0.1400E-01   0.0000E+00
00000016   0.7000E-02   0.0000E+00
00000017   0.0000E+00   0.7000E-02
00000018   0.0000E+00   0.1400E-01
00000019   0.0000E+00   0.2100E-01
00000020   0.0000E+00   0.2800E-01
00000021   0.1350E-01   0.5700E-02
00000022   0.2150E-01   0.2930E-01
00000023   0.1860E-01   0.1180E-01
00000024   0.1650E-01   0.2310E-01
00000025   0.7500E-02   0.2080E-01
00000026   0.2750E-01   0.1420E-01
00000027   0.9000E-02   0.1280E-01
00000028   0.2600E-01   0.2220E-01
00000029   0.2390E-01   0.6400E-02
00000030   0.1110E-01   0.2860E-01
00000031   0.2070E-01   0.1760E-01
00000032   0.1440E-01   0.1720E-01
TRIANGLE      42
00000001   00000025   00000019   00000018
00000002   00000027   00000025   00000018
00000003   00000026   00000011   00000010
00000004   00000021   00000015   00000014
00000005   00000027   00000018   00000017
00000006   00000021   00000017   00000016
00000007   00000027   00000017   00000021
00000008   00000017   00000004   00000016
00000009   00000027   00000021   00000023
00000010   00000009   00000002   00000008
00000011   00000028   00000010   00000009
00000012   00000022   00000009   00000008
00000013   00000021   00000016   00000015
00000014   00000013   00000003   00000012
00000015   00000028   00000009   00000022
00000016   00000029   00000026   00000023
00000017   00000022   00000008   00000007
00000018   00000020   00000005   00000001
00000019   00000029   00000014   00000013
00000020   00000022   00000007   00000006
00000021   00000025   00000020   00000019
00000022   00000029   00000013   00000012
00000023   00000029   00000012   00000026
00000024   00000030   00000025   00000024
00000025   00000030   00000024   00000022
00000026   00000026   00000012   00000011
00000027   00000030   00000022   00000006
00000028   00000030   00000006   00000005
00000029   00000028   00000026   00000010
00000030   00000031   00000028   00000024
00000031   00000032   00000027   00000023
00000032   00000032   00000023   00000031
00000033   00000032   00000024   00000025
00000034   00000028   00000022   00000024
00000035   00000029   00000023   00000021
00000036   00000029   00000021   00000014
00000037   00000030   00000005   00000020
00000038   00000030   00000020   00000025
00000039   00000031   00000023   00000026
00000040   00000031   00000026   00000028
00000041   00000032   00000025   00000027
00000042   00000032   00000031   00000024
