NOEUD     205
00000001   0.0000E+00   0.3500E-01
00000002   0.3500E-01   0.3500E-01
00000003   0.3500E-01   0.0000E+00
00000004   0.0000E+00   0.0000E+00
00000005   0.2500E-02   0.3500E-01
00000006   0.5000E-02   0.3500E-01
00000007   0.7500E-02   0.3500E-01
00000008   0.1000E-01   0.3500E-01
00000009   0.1250E-01   0.3500E-01
00000010   0.1500E-01   0.3500E-01
00000011   0.1750E-01   0.3500E-01
00000012   0.2000E-01   0.3500E-01
00000013   0.2250E-01   0.3500E-01
00000014   0.2500E-01   0.3500E-01
00000015   0.2750E-01   0.3500E-01
00000016   0.3000E-01   0.3500E-01
00000017   0.3250E-01   0.3500E-01
00000018   0.3500E-01   0.3250E-01
00000019   0.3500E-01   0.3000E-01
00000020   0.3500E-01   0.2750E-01
00000021   0.3500E-01   0.2500E-01
00000022   0.3500E-01   0.2250E-01
00000023   0.3500E-01   0.2000E-01
00000024   0.3500E-01   0.1750E-01
00000025   0.3500E-01   0.1500E-01
00000026   0.3500E-01   0.1250E-01
00000027   0.3500E-01   0.1000E-01
00000028   0.3500E-01   0.7500E-02
00000029   0.3500E-01   0.5000E-02
00000030   0.3500E-01   0.2500E-02
00000031   0.3250E-01   0.0000E+00
00000032   0.3000E-01   0.0000E+00
00000033   0.2750E-01   0.0000E+00
00000034   0.2500E-01   0.0000E+00
00000035   0.2250E-01   0.0000E+00
00000036   0.2000E-01   0.0000E+00
00000037   0.1750E-01   0.0000E+00
00000038   0.1500E-01   0.0000E+00
00000039   0.1250E-01   0.0000E+00
00000040   0.1000E-01   0.0000E+00
00000041   0.7500E-02   0.0000E+00
00000042   0.5000E-02   0.0000E+00
00000043   0.2500E-02   0.0000E+00
00000044   0.0000E+00   0.2500E-02
00000045   0.0000E+00   0.5000E-02
00000046   0.0000E+00   0.7500E-02
00000047   0.0000E+00   0.1000E-01
00000048   0.0000E+00   0.1250E-01
00000049   0.0000E+00   0.1500E-01
00000050   0.0000E+00   0.1750E-01
00000051   0.0000E+00   0.2000E-01
00000052   0.0000E+00   0.2250E-01
00000053   0.0000E+00   0.2500E-01
00000054   0.0000E+00   0.2750E-01
00000055   0.0000E+00   0.3000E-01
00000056   0.0000E+00   0.3250E-01
00000057   0.4100E-02   0.2500E-02
00000058   0.3080E-01   0.3300E-01
00000059   0.3230E-01   0.2910E-01
00000060   0.2770E-01   0.3020E-01
00000061   0.3190E-01   0.2650E-01
00000062   0.2500E-01   0.2970E-01
00000063   0.2420E-01   0.4500E-02
00000064   0.2930E-01   0.1040E-01
00000065   0.1760E-01   0.1150E-01
00000066   0.3290E-01   0.4200E-02
00000067   0.2930E-01   0.2200E-02
00000068   0.3040E-01   0.8000E-02
00000069   0.1780E-01   0.2240E-01
00000070   0.4700E-02   0.1050E-01
00000071   0.1050E-01   0.5800E-02
00000072   0.5700E-02   0.2450E-01
00000073   0.1090E-01   0.3030E-01
00000074   0.3100E-02   0.7400E-02
00000075   0.8400E-02   0.4400E-02
00000076   0.4200E-02   0.2750E-01
00000077   0.7500E-02   0.3170E-01
00000078   0.1700E-02   0.3160E-01
00000079   0.4200E-02   0.3120E-01
00000080   0.3020E-01   0.3080E-01
00000081   0.2190E-01   0.3300E-02
00000082   0.2710E-01   0.3600E-02
00000083   0.3190E-01   0.1040E-01
00000084   0.2040E-01   0.3180E-01
00000085   0.3400E-02   0.1290E-01
00000086   0.1660E-01   0.1890E-01
00000087   0.2210E-01   0.1150E-01
00000088   0.2610E-01   0.1440E-01
00000089   0.2210E-01   0.1800E-01
00000090   0.2970E-01   0.1320E-01
00000091   0.3050E-01   0.1570E-01
00000092   0.3020E-01   0.1790E-01
00000093   0.3030E-01   0.2080E-01
00000094   0.3110E-01   0.2370E-01
00000095   0.2890E-01   0.2550E-01
00000096   0.2590E-01   0.2450E-01
00000097   0.2280E-01   0.2340E-01
00000098   0.2000E-01   0.2380E-01
00000099   0.2070E-01   0.8200E-02
00000100   0.2590E-01   0.6800E-02
00000101   0.2770E-01   0.8800E-02
00000102   0.1900E-02   0.1010E-01
00000103   0.3100E-02   0.4700E-02
00000104   0.1050E-01   0.3300E-02
00000105   0.1450E-01   0.8400E-02
00000106   0.1490E-01   0.1180E-01
00000107   0.1270E-01   0.1060E-01
00000108   0.1050E-01   0.1080E-01
00000109   0.7700E-02   0.1130E-01
00000110   0.8700E-02   0.7700E-02
00000111   0.2100E-01   0.2610E-01
00000112   0.3100E-02   0.2470E-01
00000113   0.1020E-01   0.3310E-01
00000114   0.9000E-02   0.2820E-01
00000115   0.7200E-02   0.2620E-01
00000116   0.1040E-01   0.2510E-01
00000117   0.1350E-01   0.2610E-01
00000118   0.1750E-01   0.3030E-01
00000119   0.2350E-01   0.3220E-01
00000120   0.3220E-01   0.1460E-01
00000121   0.1750E-01   0.7100E-02
00000122   0.3010E-01   0.4900E-02
00000123   0.2800E-02   0.2060E-01
00000124   0.5000E-02   0.1560E-01
00000125   0.4800E-02   0.1890E-01
00000126   0.4800E-02   0.2210E-01
00000127   0.1470E-01   0.2800E-02
00000128   0.1480E-01   0.1530E-01
00000129   0.1070E-01   0.1890E-01
00000130   0.1310E-01   0.3250E-01
00000131   0.3260E-01   0.1910E-01
00000132   0.2800E-02   0.1720E-01
00000133   0.1960E-01   0.1780E-01
00000134   0.1920E-01   0.1300E-01
00000135   0.2080E-01   0.1530E-01
00000136   0.2710E-01   0.1150E-01
00000137   0.3270E-01   0.2170E-01
00000138   0.2960E-01   0.2830E-01
00000139   0.1930E-01   0.2830E-01
00000140   0.1150E-01   0.2780E-01
00000141   0.1620E-01   0.4900E-02
00000142   0.6100E-02   0.8400E-02
00000143   0.1950E-01   0.5300E-02
00000144   0.2680E-01   0.2750E-01
00000145   0.2780E-01   0.1950E-01
00000146   0.2510E-01   0.1790E-01
00000147   0.2390E-01   0.2670E-01
00000148   0.2810E-01   0.2270E-01
00000149   0.2330E-01   0.7600E-02
00000150   0.1530E-01   0.2180E-01
00000151   0.1330E-01   0.2030E-01
00000152   0.1060E-01   0.2160E-01
00000153   0.1590E-01   0.3250E-01
00000154   0.5800E-02   0.1300E-01
00000155   0.8000E-02   0.1740E-01
00000156   0.1010E-01   0.1360E-01
00000157   0.1110E-01   0.1590E-01
00000158   0.7800E-02   0.2320E-01
00000159   0.7800E-02   0.2030E-01
00000160   0.1400E-01   0.2940E-01
00000161   0.1860E-01   0.2600E-02
00000162   0.1800E-01   0.1560E-01
00000163   0.1640E-01   0.2730E-01
00000164   0.1310E-01   0.2310E-01
00000165   0.1310E-01   0.5200E-02
00000166   0.3260E-01   0.1660E-01
00000167   0.2350E-01   0.1500E-01
00000168   0.2020E-01   0.2090E-01
00000169   0.2220E-01   0.2920E-01
00000170   0.1330E-01   0.1790E-01
00000171   0.2520E-01   0.9800E-02
00000172   0.3260E-01   0.3170E-01
00000173   0.2860E-01   0.3270E-01
00000174   0.3160E-01   0.2300E-02
00000175   0.3300E-01   0.8500E-02
00000176   0.2480E-01   0.1240E-01
00000177   0.1800E-02   0.2680E-01
00000178   0.2620E-01   0.3250E-01
00000179   0.6500E-02   0.2500E-02
00000180   0.1250E-01   0.1900E-02
00000181   0.3270E-01   0.6400E-02
00000182   0.2100E-02   0.1880E-01
00000183   0.8500E-02   0.2400E-02
00000184   0.2000E-02   0.2910E-01
00000185   0.2830E-01   0.6400E-02
00000186   0.3310E-01   0.1250E-01
00000187   0.2770E-01   0.1620E-01
00000188   0.1960E-01   0.1070E-01
00000189   0.1570E-01   0.2430E-01
00000190   0.2000E-02   0.1500E-01
00000191   0.1170E-01   0.8100E-02
00000192   0.5800E-02   0.5400E-02
00000193   0.1900E-02   0.2250E-01
00000194   0.6300E-02   0.2890E-01
00000195   0.1830E-01   0.3290E-01
00000196   0.1840E-01   0.9400E-02
00000197   0.1660E-01   0.9600E-02
00000198   0.1230E-01   0.1320E-01
00000199   0.2190E-01   0.5800E-02
00000200   0.1690E-01   0.1340E-01
00000201   0.2300E-01   0.2050E-01
00000202   0.2540E-01   0.2140E-01
00000203   0.8200E-02   0.1480E-01
00000204   0.1640E-01   0.2100E-02
00000205   0.1830E-01   0.2540E-01
TRIANGLE     352
00000001   00000103   00000045   00000044
00000002   00000057   00000044   00000043
00000003   00000078   00000056   00000055
00000004   00000057   00000043   00000042
00000005   00000074   00000046   00000045
00000006   00000079   00000077   00000006
00000007   00000018   00000002   00000017
00000008   00000172   00000059   00000019
00000009   00000172   00000019   00000018
00000010   00000058   00000017   00000016
00000011   00000172   00000018   00000017
00000012   00000173   00000058   00000016
00000013   00000059   00000020   00000019
00000014   00000173   00000016   00000015
00000015   00000061   00000021   00000020
00000016   00000061   00000020   00000059
00000017   00000178   00000173   00000015
00000018   00000137   00000022   00000021
00000019   00000131   00000093   00000092
00000020   00000138   00000061   00000059
00000021   00000161   00000037   00000036
00000022   00000067   00000033   00000032
00000023   00000031   00000003   00000030
00000024   00000174   00000067   00000032
00000025   00000174   00000032   00000031
00000026   00000174   00000031   00000030
00000027   00000066   00000030   00000029
00000028   00000082   00000063   00000034
00000029   00000082   00000034   00000033
00000030   00000081   00000035   00000034
00000031   00000175   00000083   00000068
00000032   00000081   00000034   00000063
00000033   00000175   00000028   00000027
00000034   00000186   00000083   00000027
00000035   00000195   00000084   00000012
00000036   00000190   00000132   00000050
00000037   00000162   00000135   00000133
00000038   00000176   00000136   00000088
00000039   00000188   00000134   00000065
00000040   00000137   00000021   00000094
00000041   00000044   00000004   00000043
00000042   00000179   00000057   00000042
00000043   00000102   00000085   00000048
00000044   00000103   00000044   00000057
00000045   00000180   00000104   00000040
00000046   00000056   00000005   00000001
00000047   00000110   00000108   00000109
00000048   00000102   00000048   00000047
00000049   00000162   00000133   00000086
00000050   00000193   00000112   00000053
00000051   00000079   00000006   00000005
00000052   00000078   00000005   00000056
00000053   00000177   00000112   00000076
00000054   00000177   00000054   00000053
00000055   00000110   00000075   00000071
00000056   00000142   00000110   00000109
00000057   00000079   00000005   00000078
00000058   00000113   00000077   00000073
00000059   00000158   00000116   00000115
00000060   00000113   00000009   00000008
00000061   00000138   00000059   00000080
00000062   00000205   00000069   00000098
00000063   00000084   00000013   00000012
00000064   00000178   00000015   00000014
00000065   00000178   00000119   00000062
00000066   00000138   00000080   00000060
00000067   00000130   00000113   00000073
00000068   00000179   00000042   00000041
00000069   00000137   00000131   00000023
00000070   00000187   00000088   00000090
00000071   00000180   00000040   00000039
00000072   00000081   00000036   00000035
00000073   00000181   00000066   00000029
00000074   00000136   00000090   00000088
00000075   00000175   00000027   00000083
00000076   00000174   00000030   00000066
00000077   00000136   00000064   00000090
00000078   00000082   00000033   00000067
00000079   00000180   00000039   00000038
00000080   00000112   00000072   00000076
00000081   00000182   00000123   00000051
00000082   00000190   00000050   00000049
00000083   00000165   00000071   00000104
00000084   00000181   00000029   00000028
00000085   00000182   00000051   00000050
00000086   00000166   00000131   00000092
00000087   00000169   00000119   00000084
00000088   00000163   00000139   00000118
00000089   00000102   00000070   00000085
00000090   00000102   00000074   00000070
00000091   00000183   00000104   00000075
00000092   00000103   00000074   00000045
00000093   00000130   00000010   00000009
00000094   00000189   00000164   00000150
00000095   00000140   00000073   00000114
00000096   00000077   00000007   00000006
00000097   00000184   00000078   00000055
00000098   00000177   00000053   00000112
00000099   00000184   00000055   00000054
00000100   00000114   00000073   00000077
00000101   00000172   00000017   00000058
00000102   00000178   00000062   00000060
00000103   00000141   00000121   00000105
00000104   00000180   00000038   00000127
00000105   00000185   00000101   00000100
00000106   00000185   00000122   00000068
00000107   00000186   00000027   00000026
00000108   00000083   00000064   00000068
00000109   00000140   00000114   00000116
00000110   00000139   00000084   00000118
00000111   00000116   00000114   00000115
00000112   00000142   00000109   00000070
00000113   00000165   00000141   00000105
00000114   00000198   00000107   00000106
00000115   00000191   00000105   00000107
00000116   00000161   00000036   00000081
00000117   00000094   00000021   00000061
00000118   00000138   00000095   00000061
00000119   00000166   00000092   00000091
00000120   00000167   00000135   00000087
00000121   00000176   00000167   00000087
00000122   00000090   00000064   00000083
00000123   00000186   00000120   00000090
00000124   00000186   00000090   00000083
00000125   00000187   00000090   00000091
00000126   00000137   00000023   00000022
00000127   00000144   00000138   00000060
00000128   00000187   00000091   00000092
00000129   00000168   00000098   00000069
00000130   00000095   00000094   00000061
00000131   00000144   00000060   00000062
00000132   00000148   00000093   00000094
00000133   00000145   00000092   00000093
00000134   00000148   00000094   00000095
00000135   00000195   00000012   00000011
00000136   00000187   00000092   00000145
00000137   00000111   00000098   00000097
00000138   00000201   00000168   00000089
00000139   00000100   00000063   00000082
00000140   00000188   00000087   00000134
00000141   00000149   00000063   00000100
00000142   00000149   00000087   00000099
00000143   00000101   00000068   00000064
00000144   00000136   00000101   00000064
00000145   00000102   00000047   00000046
00000146   00000102   00000046   00000074
00000147   00000142   00000070   00000074
00000148   00000183   00000075   00000179
00000149   00000183   00000179   00000041
00000150   00000104   00000071   00000075
00000151   00000189   00000117   00000164
00000152   00000199   00000143   00000081
00000153   00000197   00000106   00000105
00000154   00000200   00000128   00000106
00000155   00000190   00000049   00000048
00000156   00000107   00000105   00000106
00000157   00000191   00000107   00000108
00000158   00000167   00000146   00000089
00000159   00000190   00000048   00000085
00000160   00000154   00000085   00000070
00000161   00000191   00000110   00000071
00000162   00000192   00000142   00000074
00000163   00000147   00000111   00000097
00000164   00000169   00000062   00000119
00000165   00000170   00000086   00000151
00000166   00000193   00000053   00000052
00000167   00000113   00000008   00000007
00000168   00000113   00000007   00000077
00000169   00000194   00000079   00000076
00000170   00000194   00000114   00000077
00000171   00000194   00000077   00000079
00000172   00000115   00000076   00000072
00000173   00000193   00000052   00000051
00000174   00000126   00000072   00000112
00000175   00000195   00000153   00000118
00000176   00000169   00000139   00000111
00000177   00000130   00000009   00000113
00000178   00000153   00000011   00000010
00000179   00000119   00000014   00000013
00000180   00000119   00000013   00000084
00000181   00000120   00000091   00000090
00000182   00000166   00000091   00000120
00000183   00000188   00000099   00000087
00000184   00000197   00000196   00000065
00000185   00000185   00000068   00000101
00000186   00000122   00000082   00000067
00000187   00000154   00000070   00000109
00000188   00000198   00000106   00000128
00000189   00000198   00000156   00000108
00000190   00000203   00000155   00000124
00000191   00000193   00000051   00000123
00000192   00000203   00000124   00000154
00000193   00000158   00000115   00000072
00000194   00000126   00000123   00000125
00000195   00000204   00000127   00000038
00000196   00000199   00000081   00000063
00000197   00000156   00000109   00000108
00000198   00000155   00000125   00000124
00000199   00000158   00000072   00000126
00000200   00000086   00000150   00000151
00000201   00000140   00000116   00000117
00000202   00000163   00000160   00000117
00000203   00000166   00000120   00000025
00000204   00000131   00000024   00000023
00000205   00000182   00000050   00000132
00000206   00000132   00000124   00000125
00000207   00000168   00000097   00000098
00000208   00000168   00000069   00000086
00000209   00000200   00000106   00000065
00000210   00000162   00000134   00000135
00000211   00000135   00000134   00000087
00000212   00000135   00000089   00000133
00000213   00000199   00000063   00000149
00000214   00000176   00000088   00000167
00000215   00000137   00000093   00000131
00000216   00000137   00000094   00000093
00000217   00000169   00000084   00000139
00000218   00000147   00000097   00000096
00000219   00000163   00000118   00000160
00000220   00000189   00000150   00000069
00000221   00000160   00000130   00000073
00000222   00000160   00000073   00000140
00000223   00000143   00000099   00000121
00000224   00000161   00000081   00000143
00000225   00000192   00000074   00000103
00000226   00000192   00000075   00000110
00000227   00000204   00000038   00000037
00000228   00000143   00000121   00000141
00000229   00000144   00000096   00000095
00000230   00000144   00000095   00000138
00000231   00000201   00000097   00000168
00000232   00000148   00000095   00000096
00000233   00000148   00000145   00000093
00000234   00000201   00000089   00000146
00000235   00000147   00000096   00000144
00000236   00000147   00000144   00000062
00000237   00000202   00000148   00000096
00000238   00000202   00000096   00000097
00000239   00000171   00000087   00000149
00000240   00000171   00000149   00000100
00000241   00000150   00000086   00000069
00000242   00000170   00000151   00000129
00000243   00000164   00000117   00000116
00000244   00000159   00000152   00000158
00000245   00000164   00000151   00000150
00000246   00000152   00000129   00000151
00000247   00000160   00000140   00000117
00000248   00000153   00000010   00000130
00000249   00000159   00000126   00000125
00000250   00000154   00000124   00000085
00000251   00000159   00000125   00000155
00000252   00000198   00000108   00000107
00000253   00000170   00000128   00000086
00000254   00000203   00000154   00000109
00000255   00000157   00000129   00000155
00000256   00000203   00000109   00000156
00000257   00000159   00000155   00000129
00000258   00000158   00000152   00000116
00000259   00000159   00000129   00000152
00000260   00000159   00000158   00000126
00000261   00000160   00000153   00000130
00000262   00000160   00000118   00000153
00000263   00000204   00000161   00000141
00000264   00000161   00000143   00000141
00000265   00000162   00000086   00000128
00000266   00000200   00000065   00000134
00000267   00000205   00000098   00000111
00000268   00000205   00000111   00000139
00000269   00000164   00000152   00000151
00000270   00000164   00000116   00000152
00000271   00000191   00000108   00000110
00000272   00000165   00000127   00000141
00000273   00000166   00000025   00000024
00000274   00000166   00000024   00000131
00000275   00000167   00000088   00000146
00000276   00000167   00000089   00000135
00000277   00000168   00000086   00000133
00000278   00000168   00000133   00000089
00000279   00000169   00000147   00000062
00000280   00000169   00000111   00000147
00000281   00000170   00000157   00000128
00000282   00000170   00000129   00000157
00000283   00000171   00000100   00000101
00000284   00000171   00000101   00000136
00000285   00000172   00000080   00000059
00000286   00000172   00000058   00000080
00000287   00000173   00000080   00000058
00000288   00000173   00000060   00000080
00000289   00000174   00000122   00000067
00000290   00000174   00000066   00000122
00000291   00000181   00000122   00000066
00000292   00000181   00000068   00000122
00000293   00000176   00000171   00000136
00000294   00000176   00000087   00000171
00000295   00000184   00000079   00000078
00000296   00000184   00000076   00000079
00000297   00000178   00000014   00000119
00000298   00000178   00000060   00000173
00000299   00000192   00000110   00000142
00000300   00000192   00000103   00000057
00000301   00000180   00000165   00000104
00000302   00000180   00000127   00000165
00000303   00000181   00000175   00000068
00000304   00000181   00000028   00000175
00000305   00000182   00000132   00000125
00000306   00000182   00000125   00000123
00000307   00000183   00000041   00000040
00000308   00000183   00000040   00000104
00000309   00000184   00000054   00000177
00000310   00000184   00000177   00000076
00000311   00000185   00000100   00000082
00000312   00000185   00000082   00000122
00000313   00000186   00000026   00000025
00000314   00000186   00000025   00000120
00000315   00000187   00000146   00000088
00000316   00000187   00000145   00000146
00000317   00000197   00000065   00000106
00000318   00000196   00000121   00000099
00000319   00000189   00000163   00000117
00000320   00000205   00000139   00000163
00000321   00000190   00000085   00000124
00000322   00000190   00000124   00000132
00000323   00000191   00000165   00000105
00000324   00000191   00000071   00000165
00000325   00000192   00000057   00000179
00000326   00000192   00000179   00000075
00000327   00000193   00000126   00000112
00000328   00000193   00000123   00000126
00000329   00000194   00000115   00000114
00000330   00000194   00000076   00000115
00000331   00000195   00000118   00000084
00000332   00000195   00000011   00000153
00000333   00000196   00000099   00000188
00000334   00000196   00000188   00000065
00000335   00000197   00000105   00000121
00000336   00000197   00000121   00000196
00000337   00000198   00000157   00000156
00000338   00000198   00000128   00000157
00000339   00000199   00000149   00000099
00000340   00000199   00000099   00000143
00000341   00000200   00000162   00000128
00000342   00000200   00000134   00000162
00000343   00000202   00000097   00000201
00000344   00000202   00000201   00000146
00000345   00000202   00000146   00000145
00000346   00000202   00000145   00000148
00000347   00000203   00000157   00000155
00000348   00000203   00000156   00000157
00000349   00000204   00000141   00000127
00000350   00000204   00000037   00000161
00000351   00000205   00000189   00000069
00000352   00000205   00000163   00000189
