NOEUD     409
00000001   0.0000E+00   0.3500E-01
00000002   0.3500E-01   0.3500E-01
00000003   0.3500E-01   0.0000E+00
00000004   0.0000E+00   0.0000E+00
00000005   0.1700E-02   0.3500E-01
00000006   0.3300E-02   0.3500E-01
00000007   0.5000E-02   0.3500E-01
00000008   0.6700E-02   0.3500E-01
00000009   0.8300E-02   0.3500E-01
00000010   0.1000E-01   0.3500E-01
00000011   0.1170E-01   0.3500E-01
00000012   0.1330E-01   0.3500E-01
00000013   0.1500E-01   0.3500E-01
00000014   0.1670E-01   0.3500E-01
00000015   0.1830E-01   0.3500E-01
00000016   0.2000E-01   0.3500E-01
00000017   0.2170E-01   0.3500E-01
00000018   0.2330E-01   0.3500E-01
00000019   0.2500E-01   0.3500E-01
00000020   0.2670E-01   0.3500E-01
00000021   0.2830E-01   0.3500E-01
00000022   0.3000E-01   0.3500E-01
00000023   0.3170E-01   0.3500E-01
00000024   0.3330E-01   0.3500E-01
00000025   0.3500E-01   0.3330E-01
00000026   0.3500E-01   0.3170E-01
00000027   0.3500E-01   0.3000E-01
00000028   0.3500E-01   0.2830E-01
00000029   0.3500E-01   0.2670E-01
00000030   0.3500E-01   0.2500E-01
00000031   0.3500E-01   0.2330E-01
00000032   0.3500E-01   0.2170E-01
00000033   0.3500E-01   0.2000E-01
00000034   0.3500E-01   0.1830E-01
00000035   0.3500E-01   0.1670E-01
00000036   0.3500E-01   0.1500E-01
00000037   0.3500E-01   0.1330E-01
00000038   0.3500E-01   0.1170E-01
00000039   0.3500E-01   0.1000E-01
00000040   0.3500E-01   0.8300E-02
00000041   0.3500E-01   0.6700E-02
00000042   0.3500E-01   0.5000E-02
00000043   0.3500E-01   0.3300E-02
00000044   0.3500E-01   0.1700E-02
00000045   0.3330E-01   0.0000E+00
00000046   0.3170E-01   0.0000E+00
00000047   0.3000E-01   0.0000E+00
00000048   0.2830E-01   0.0000E+00
00000049   0.2670E-01   0.0000E+00
00000050   0.2500E-01   0.0000E+00
00000051   0.2330E-01   0.0000E+00
00000052   0.2170E-01   0.0000E+00
00000053   0.2000E-01   0.0000E+00
00000054   0.1830E-01   0.0000E+00
00000055   0.1670E-01   0.0000E+00
00000056   0.1500E-01   0.0000E+00
00000057   0.1330E-01   0.0000E+00
00000058   0.1170E-01   0.0000E+00
00000059   0.1000E-01   0.0000E+00
00000060   0.8300E-02   0.0000E+00
00000061   0.6700E-02   0.0000E+00
00000062   0.5000E-02   0.0000E+00
00000063   0.3300E-02   0.0000E+00
00000064   0.1700E-02   0.0000E+00
00000065   0.0000E+00   0.1700E-02
00000066   0.0000E+00   0.3300E-02
00000067   0.0000E+00   0.5000E-02
00000068   0.0000E+00   0.6700E-02
00000069   0.0000E+00   0.8300E-02
00000070   0.0000E+00   0.1000E-01
00000071   0.0000E+00   0.1170E-01
00000072   0.0000E+00   0.1330E-01
00000073   0.0000E+00   0.1500E-01
00000074   0.0000E+00   0.1670E-01
00000075   0.0000E+00   0.1830E-01
00000076   0.0000E+00   0.2000E-01
00000077   0.0000E+00   0.2170E-01
00000078   0.0000E+00   0.2330E-01
00000079   0.0000E+00   0.2500E-01
00000080   0.0000E+00   0.2670E-01
00000081   0.0000E+00   0.2830E-01
00000082   0.0000E+00   0.3000E-01
00000083   0.0000E+00   0.3170E-01
00000084   0.0000E+00   0.3330E-01
00000085   0.2600E-02   0.1700E-02
00000086   0.3220E-01   0.3360E-01
00000087   0.3320E-01   0.3040E-01
00000088   0.2980E-01   0.3160E-01
00000089   0.3210E-01   0.2820E-01
00000090   0.2760E-01   0.3110E-01
00000091   0.3140E-01   0.2610E-01
00000092   0.2550E-01   0.2990E-01
00000093   0.3020E-01   0.2460E-01
00000094   0.5300E-02   0.1160E-01
00000095   0.1140E-01   0.5800E-02
00000096   0.1760E-01   0.1140E-01
00000097   0.2440E-01   0.5000E-02
00000098   0.2960E-01   0.1050E-01
00000099   0.3360E-01   0.2800E-02
00000100   0.3040E-01   0.1800E-02
00000101   0.3190E-01   0.5400E-02
00000102   0.2830E-01   0.3100E-02
00000103   0.3090E-01   0.7400E-02
00000104   0.2640E-01   0.4000E-02
00000105   0.1760E-01   0.2400E-01
00000106   0.4100E-02   0.9800E-02
00000107   0.9400E-02   0.4900E-02
00000108   0.1160E-01   0.2950E-01
00000109   0.3200E-02   0.7200E-02
00000110   0.7600E-02   0.4000E-02
00000111   0.5400E-02   0.2430E-01
00000112   0.2100E-02   0.4900E-02
00000113   0.5800E-02   0.2900E-02
00000114   0.9400E-02   0.3060E-01
00000115   0.4400E-02   0.2610E-01
00000116   0.7100E-02   0.3140E-01
00000117   0.3100E-02   0.2960E-01
00000118   0.4700E-02   0.3280E-01
00000119   0.2100E-02   0.3100E-01
00000120   0.2200E-02   0.3290E-01
00000121   0.3330E-01   0.2650E-01
00000122   0.3170E-01   0.3200E-01
00000123   0.2550E-01   0.3370E-01
00000124   0.2480E-01   0.3180E-01
00000125   0.3170E-01   0.2400E-01
00000126   0.3360E-01   0.2350E-01
00000127   0.2880E-01   0.2950E-01
00000128   0.3010E-01   0.2790E-01
00000129   0.3220E-01   0.2210E-01
00000130   0.2010E-01   0.2550E-01
00000131   0.2270E-01   0.2770E-01
00000132   0.2270E-01   0.3270E-01
00000133   0.1890E-01   0.3170E-01
00000134   0.1870E-01   0.2870E-01
00000135   0.1830E-01   0.3030E-01
00000136   0.1860E-01   0.2670E-01
00000137   0.4400E-02   0.1320E-01
00000138   0.2800E-02   0.1430E-01
00000139   0.2000E-02   0.1570E-01
00000140   0.2650E-01   0.2200E-02
00000141   0.2470E-01   0.3100E-02
00000142   0.2480E-01   0.1700E-02
00000143   0.3310E-01   0.7000E-02
00000144   0.2290E-01   0.2000E-02
00000145   0.2720E-01   0.1230E-01
00000146   0.2500E-01   0.1500E-01
00000147   0.2110E-01   0.1520E-01
00000148   0.1960E-01   0.1170E-01
00000149   0.2230E-01   0.1160E-01
00000150   0.2440E-01   0.1100E-01
00000151   0.2620E-01   0.1070E-01
00000152   0.2800E-01   0.1060E-01
00000153   0.1610E-01   0.8900E-02
00000154   0.1260E-01   0.4500E-02
00000155   0.1430E-01   0.3700E-02
00000156   0.1570E-01   0.2400E-02
00000157   0.1820E-01   0.3100E-02
00000158   0.1810E-01   0.5100E-02
00000159   0.1810E-01   0.6800E-02
00000160   0.1780E-01   0.8700E-02
00000161   0.1820E-01   0.1030E-01
00000162   0.1930E-01   0.9800E-02
00000163   0.2180E-01   0.7100E-02
00000164   0.2620E-01   0.6200E-02
00000165   0.2700E-01   0.8500E-02
00000166   0.1390E-01   0.1700E-02
00000167   0.2000E-02   0.1270E-01
00000168   0.1260E-01   0.2800E-02
00000169   0.1610E-01   0.1190E-01
00000170   0.1430E-01   0.1240E-01
00000171   0.1270E-01   0.1100E-01
00000172   0.1080E-01   0.1170E-01
00000173   0.9200E-02   0.1220E-01
00000174   0.7400E-02   0.1160E-01
00000175   0.7700E-02   0.9400E-02
00000176   0.2080E-01   0.2000E-02
00000177   0.3160E-01   0.1050E-01
00000178   0.3320E-01   0.1020E-01
00000179   0.1300E-02   0.7600E-02
00000180   0.9300E-02   0.2900E-02
00000181   0.9200E-02   0.1300E-02
00000182   0.3280E-01   0.1220E-01
00000183   0.7700E-02   0.7600E-02
00000184   0.2010E-01   0.2170E-01
00000185   0.2580E-01   0.2000E-01
00000186   0.2790E-01   0.2260E-01
00000187   0.2850E-01   0.2440E-01
00000188   0.2680E-01   0.2450E-01
00000189   0.2490E-01   0.2430E-01
00000190   0.2310E-01   0.2410E-01
00000191   0.2120E-01   0.2380E-01
00000192   0.1940E-01   0.2380E-01
00000193   0.2800E-01   0.2680E-01
00000194   0.2680E-01   0.2870E-01
00000195   0.2200E-02   0.2270E-01
00000196   0.5200E-02   0.2110E-01
00000197   0.5600E-02   0.1810E-01
00000198   0.5600E-02   0.1490E-01
00000199   0.8300E-02   0.1370E-01
00000200   0.9500E-02   0.1530E-01
00000201   0.1070E-01   0.1690E-01
00000202   0.1150E-01   0.1810E-01
00000203   0.1280E-01   0.1900E-01
00000204   0.1390E-01   0.2050E-01
00000205   0.1560E-01   0.2110E-01
00000206   0.1630E-01   0.2270E-01
00000207   0.1430E-01   0.2430E-01
00000208   0.1280E-01   0.2380E-01
00000209   0.1120E-01   0.2400E-01
00000210   0.9300E-02   0.2400E-01
00000211   0.7400E-02   0.2410E-01
00000212   0.1550E-01   0.2570E-01
00000213   0.9300E-02   0.2740E-01
00000214   0.3600E-02   0.2440E-01
00000215   0.1700E-02   0.2470E-01
00000216   0.1800E-02   0.2840E-01
00000217   0.7800E-02   0.3340E-01
00000218   0.5700E-02   0.8300E-02
00000219   0.8300E-02   0.2920E-01
00000220   0.7300E-02   0.2770E-01
00000221   0.6400E-02   0.2610E-01
00000222   0.1160E-01   0.3120E-01
00000223   0.1170E-01   0.3310E-01
00000224   0.2710E-01   0.3310E-01
00000225   0.1790E-01   0.2040E-01
00000226   0.1750E-01   0.1850E-01
00000227   0.1810E-01   0.1720E-01
00000228   0.1740E-01   0.1560E-01
00000229   0.1780E-01   0.1340E-01
00000230   0.2430E-01   0.1780E-01
00000231   0.2650E-01   0.1760E-01
00000232   0.2850E-01   0.1740E-01
00000233   0.3030E-01   0.1720E-01
00000234   0.3180E-01   0.1590E-01
00000235   0.3340E-01   0.1690E-01
00000236   0.1710E-01   0.3170E-01
00000237   0.3280E-01   0.1410E-01
00000238   0.3200E-01   0.3300E-02
00000239   0.3070E-01   0.9100E-02
00000240   0.2810E-01   0.5000E-02
00000241   0.2970E-01   0.6200E-02
00000242   0.1380E-01   0.3280E-01
00000243   0.6300E-02   0.6600E-02
00000244   0.5700E-02   0.5000E-02
00000245   0.2100E-02   0.3200E-02
00000246   0.7500E-02   0.1800E-02
00000247   0.1700E-02   0.2090E-01
00000248   0.5100E-02   0.2820E-01
00000249   0.6600E-02   0.2940E-01
00000250   0.1830E-01   0.3340E-01
00000251   0.1110E-01   0.9700E-02
00000252   0.1140E-01   0.7800E-02
00000253   0.9500E-02   0.6700E-02
00000254   0.2270E-01   0.9000E-02
00000255   0.1400E-02   0.2670E-01
00000256   0.2170E-01   0.1830E-01
00000257   0.1950E-01   0.1820E-01
00000258   0.1150E-01   0.2750E-01
00000259   0.1230E-01   0.2560E-01
00000260   0.2390E-01   0.2610E-01
00000261   0.2340E-01   0.1990E-01
00000262   0.2150E-01   0.2030E-01
00000263   0.2000E-01   0.3060E-01
00000264   0.2130E-01   0.2910E-01
00000265   0.2060E-01   0.3270E-01
00000266   0.9500E-02   0.3350E-01
00000267   0.1860E-01   0.2510E-01
00000268   0.3800E-02   0.1690E-01
00000269   0.4000E-02   0.5400E-02
00000270   0.1370E-01   0.6100E-02
00000271   0.1480E-01   0.7900E-02
00000272   0.1940E-01   0.1420E-01
00000273   0.2910E-01   0.8400E-02
00000274   0.2130E-01   0.1350E-01
00000275   0.2390E-01   0.6800E-02
00000276   0.1620E-01   0.6300E-02
00000277   0.1600E-01   0.4500E-02
00000278   0.2180E-01   0.3400E-02
00000279   0.2210E-01   0.5200E-02
00000280   0.3400E-02   0.2070E-01
00000281   0.1140E-01   0.1510E-01
00000282   0.1240E-01   0.1330E-01
00000283   0.1020E-01   0.1350E-01
00000284   0.3240E-01   0.8800E-02
00000285   0.3240E-01   0.2050E-01
00000286   0.3220E-01   0.1850E-01
00000287   0.1320E-01   0.1500E-01
00000288   0.1230E-01   0.2230E-01
00000289   0.2480E-01   0.2810E-01
00000290   0.1030E-01   0.2570E-01
00000291   0.2000E-02   0.1750E-01
00000292   0.2000E-02   0.1920E-01
00000293   0.8900E-02   0.1720E-01
00000294   0.7200E-02   0.1770E-01
00000295   0.1010E-01   0.1860E-01
00000296   0.8600E-02   0.1930E-01
00000297   0.6800E-02   0.2020E-01
00000298   0.1940E-01   0.1610E-01
00000299   0.1640E-01   0.1750E-01
00000300   0.1450E-01   0.1820E-01
00000301   0.1590E-01   0.1940E-01
00000302   0.1180E-01   0.2060E-01
00000303   0.1050E-01   0.2220E-01
00000304   0.6400E-02   0.2240E-01
00000305   0.1600E-01   0.3320E-01
00000306   0.1620E-01   0.2930E-01
00000307   0.1500E-01   0.1590E-01
00000308   0.2880E-01   0.2080E-01
00000309   0.2960E-01   0.1890E-01
00000310   0.2900E-01   0.1260E-01
00000311   0.3100E-01   0.1380E-01
00000312   0.1530E-01   0.3150E-01
00000313   0.1370E-01   0.3040E-01
00000314   0.2000E-01   0.6100E-02
00000315   0.2010E-01   0.1980E-01
00000316   0.1370E-01   0.2680E-01
00000317   0.2580E-01   0.2650E-01
00000318   0.2370E-01   0.2960E-01
00000319   0.2230E-01   0.3090E-01
00000320   0.2060E-01   0.2730E-01
00000321   0.2310E-01   0.3700E-02
00000322   0.2010E-01   0.4200E-02
00000323   0.4800E-02   0.1960E-01
00000324   0.2430E-01   0.2210E-01
00000325   0.2190E-01   0.2580E-01
00000326   0.4400E-02   0.2260E-01
00000327   0.7400E-02   0.1550E-01
00000328   0.8400E-02   0.2580E-01
00000329   0.2930E-01   0.1530E-01
00000330   0.2230E-01   0.2200E-01
00000331   0.1290E-01   0.8800E-02
00000332   0.2780E-01   0.1920E-01
00000333   0.3040E-01   0.2050E-01
00000334   0.8400E-02   0.2180E-01
00000335   0.2010E-01   0.8200E-02
00000336   0.3000E-01   0.2270E-01
00000337   0.2610E-01   0.2240E-01
00000338   0.1390E-01   0.2850E-01
00000339   0.3350E-01   0.3260E-01
00000340   0.3070E-01   0.3350E-01
00000341   0.3390E-01   0.2840E-01
00000342   0.3260E-01   0.1500E-02
00000343   0.2840E-01   0.1200E-02
00000344   0.2290E-01   0.1630E-01
00000345   0.1400E-02   0.1420E-01
00000346   0.1900E-02   0.9000E-02
00000347   0.1090E-01   0.1800E-02
00000348   0.4400E-02   0.1600E-02
00000349   0.2890E-01   0.3320E-01
00000350   0.3100E-01   0.3000E-01
00000351   0.5800E-02   0.1300E-02
00000352   0.1110E-01   0.3800E-02
00000353   0.3080E-01   0.1190E-01
00000354   0.3350E-01   0.4200E-02
00000355   0.2800E-01   0.6800E-02
00000356   0.9200E-02   0.1060E-01
00000357   0.2100E-02   0.1080E-01
00000358   0.3200E-02   0.2750E-01
00000359   0.8800E-02   0.3220E-01
00000360   0.3500E-02   0.3140E-01
00000361   0.1620E-01   0.2730E-01
00000362   0.2380E-01   0.3360E-01
00000363   0.3280E-01   0.2490E-01
00000364   0.2970E-01   0.2600E-01
00000365   0.1470E-01   0.1010E-01
00000366   0.3600E-02   0.1160E-01
00000367   0.5000E-02   0.6500E-02
00000368   0.3370E-01   0.5700E-02
00000369   0.2740E-01   0.1590E-01
00000370   0.2310E-01   0.1340E-01
00000371   0.2250E-01   0.1470E-01
00000372   0.2580E-01   0.1270E-01
00000373   0.2420E-01   0.1260E-01
00000374   0.2080E-01   0.1010E-01
00000375   0.1880E-01   0.1300E-02
00000376   0.1690E-01   0.1400E-02
00000377   0.1250E-01   0.1300E-02
00000378   0.1670E-01   0.1020E-01
00000379   0.6000E-02   0.1010E-01
00000380   0.1300E-02   0.6300E-02
00000381   0.4000E-02   0.1520E-01
00000382   0.6400E-02   0.1340E-01
00000383   0.5600E-02   0.1640E-01
00000384   0.1420E-01   0.2250E-01
00000385   0.1620E-01   0.2450E-01
00000386   0.5000E-02   0.3050E-01
00000387   0.2900E-02   0.2590E-01
00000388   0.1300E-02   0.2990E-01
00000389   0.6300E-02   0.3350E-01
00000390   0.9900E-02   0.2870E-01
00000391   0.1020E-01   0.3210E-01
00000392   0.1820E-01   0.2250E-01
00000393   0.2730E-01   0.2100E-01
00000394   0.2730E-01   0.1400E-01
00000395   0.3370E-01   0.1530E-01
00000396   0.3010E-01   0.4100E-02
00000397   0.7700E-02   0.5800E-02
00000398   0.9500E-02   0.8600E-02
00000399   0.2510E-01   0.8600E-02
00000400   0.2080E-01   0.1670E-01
00000401   0.1710E-01   0.2550E-01
00000402   0.3800E-02   0.3500E-02
00000403   0.1660E-01   0.7700E-02
00000404   0.1420E-01   0.1410E-01
00000405   0.3600E-02   0.1870E-01
00000406   0.1120E-01   0.1940E-01
00000407   0.1580E-01   0.1380E-01
00000408   0.1010E-01   0.2030E-01
00000409   0.1270E-01   0.1690E-01
TRIANGLE     732
00000001   00000245   00000066   00000065
00000002   00000085   00000065   00000064
00000003   00000120   00000084   00000083
00000004   00000085   00000064   00000063
00000005   00000112   00000067   00000066
00000006   00000120   00000083   00000119
00000007   00000025   00000002   00000024
00000008   00000339   00000087   00000026
00000009   00000339   00000026   00000025
00000010   00000086   00000024   00000023
00000011   00000339   00000025   00000024
00000012   00000340   00000086   00000023
00000013   00000087   00000027   00000026
00000014   00000340   00000023   00000022
00000015   00000341   00000028   00000027
00000016   00000341   00000087   00000089
00000017   00000349   00000340   00000022
00000018   00000341   00000027   00000087
00000019   00000341   00000121   00000029
00000020   00000350   00000089   00000087
00000021   00000124   00000092   00000090
00000022   00000121   00000030   00000029
00000023   00000121   00000089   00000091
00000024   00000129   00000126   00000125
00000025   00000128   00000091   00000089
00000026   00000362   00000123   00000019
00000027   00000336   00000333   00000129
00000028   00000250   00000016   00000015
00000029   00000286   00000235   00000034
00000030   00000192   00000191   00000130
00000031   00000291   00000075   00000074
00000032   00000045   00000003   00000044
00000033   00000342   00000100   00000046
00000034   00000342   00000046   00000045
00000035   00000099   00000044   00000043
00000036   00000342   00000045   00000044
00000037   00000354   00000099   00000043
00000038   00000100   00000047   00000046
00000039   00000140   00000102   00000104
00000040   00000343   00000140   00000049
00000041   00000343   00000049   00000048
00000042   00000343   00000048   00000047
00000043   00000143   00000103   00000101
00000044   00000141   00000140   00000104
00000045   00000143   00000041   00000040
00000046   00000141   00000104   00000097
00000047   00000400   00000344   00000256
00000048   00000378   00000365   00000153
00000049   00000335   00000162   00000160
00000050   00000139   00000074   00000073
00000051   00000376   00000156   00000056
00000052   00000345   00000139   00000073
00000053   00000166   00000156   00000155
00000054   00000345   00000073   00000072
00000055   00000168   00000166   00000155
00000056   00000251   00000171   00000172
00000057   00000366   00000357   00000106
00000058   00000168   00000155   00000154
00000059   00000178   00000039   00000038
00000060   00000065   00000004   00000064
00000061   00000167   00000072   00000071
00000062   00000348   00000085   00000063
00000063   00000346   00000179   00000109
00000064   00000346   00000109   00000106
00000065   00000347   00000181   00000059
00000066   00000347   00000059   00000058
00000067   00000182   00000178   00000038
00000068   00000397   00000253   00000183
00000069   00000250   00000236   00000133
00000070   00000254   00000150   00000149
00000071   00000317   00000260   00000189
00000072   00000084   00000005   00000001
00000073   00000247   00000195   00000077
00000074   00000366   00000106   00000094
00000075   00000384   00000205   00000206
00000076   00000195   00000078   00000077
00000077   00000215   00000079   00000078
00000078   00000255   00000216   00000081
00000079   00000217   00000009   00000008
00000080   00000215   00000078   00000195
00000081   00000388   00000082   00000081
00000082   00000360   00000120   00000119
00000083   00000356   00000251   00000172
00000084   00000348   00000063   00000062
00000085   00000248   00000221   00000220
00000086   00000388   00000081   00000216
00000087   00000222   00000114   00000108
00000088   00000357   00000167   00000071
00000089   00000350   00000087   00000122
00000090   00000224   00000020   00000123
00000091   00000349   00000022   00000021
00000092   00000349   00000224   00000090
00000093   00000350   00000122   00000088
00000094   00000127   00000088   00000090
00000095   00000223   00000011   00000010
00000096   00000194   00000127   00000090
00000097   00000224   00000021   00000020
00000098   00000123   00000020   00000019
00000099   00000259   00000208   00000207
00000100   00000286   00000034   00000033
00000101   00000118   00000007   00000006
00000102   00000255   00000081   00000080
00000103   00000351   00000246   00000113
00000104   00000335   00000160   00000159
00000105   00000129   00000032   00000126
00000106   00000182   00000038   00000037
00000107   00000263   00000135   00000134
00000108   00000223   00000012   00000011
00000109   00000352   00000168   00000154
00000110   00000352   00000154   00000095
00000111   00000353   00000310   00000098
00000112   00000256   00000344   00000230
00000113   00000353   00000098   00000177
00000114   00000354   00000043   00000042
00000115   00000237   00000182   00000037
00000116   00000342   00000044   00000099
00000117   00000343   00000100   00000102
00000118   00000284   00000143   00000040
00000119   00000241   00000101   00000103
00000120   00000354   00000238   00000099
00000121   00000144   00000142   00000141
00000122   00000355   00000165   00000164
00000123   00000240   00000164   00000104
00000124   00000355   00000164   00000240
00000125   00000315   00000257   00000256
00000126   00000250   00000015   00000014
00000127   00000356   00000172   00000173
00000128   00000253   00000107   00000095
00000129   00000245   00000065   00000085
00000130   00000351   00000113   00000348
00000131   00000361   00000316   00000212
00000132   00000338   00000313   00000108
00000133   00000246   00000061   00000060
00000134   00000244   00000113   00000110
00000135   00000352   00000095   00000107
00000136   00000352   00000107   00000180
00000137   00000346   00000070   00000069
00000138   00000253   00000095   00000252
00000139   00000179   00000069   00000068
00000140   00000380   00000068   00000067
00000141   00000367   00000269   00000244
00000142   00000245   00000112   00000066
00000143   00000358   00000248   00000117
00000144   00000221   00000115   00000111
00000145   00000359   00000266   00000217
00000146   00000248   00000115   00000221
00000147   00000242   00000013   00000012
00000148   00000221   00000111   00000211
00000149   00000359   00000217   00000116
00000150   00000389   00000008   00000007
00000151   00000358   00000115   00000248
00000152   00000358   00000117   00000216
00000153   00000120   00000118   00000006
00000154   00000360   00000118   00000120
00000155   00000120   00000006   00000005
00000156   00000120   00000005   00000084
00000157   00000126   00000032   00000031
00000158   00000126   00000031   00000030
00000159   00000339   00000024   00000086
00000160   00000349   00000090   00000088
00000161   00000242   00000012   00000223
00000162   00000401   00000361   00000212
00000163   00000317   00000189   00000188
00000164   00000362   00000019   00000018
00000165   00000363   00000121   00000091
00000166   00000125   00000091   00000093
00000167   00000363   00000091   00000125
00000168   00000363   00000126   00000030
00000169   00000350   00000088   00000127
00000170   00000194   00000090   00000092
00000171   00000260   00000190   00000189
00000172   00000364   00000093   00000091
00000173   00000182   00000177   00000178
00000174   00000315   00000256   00000262
00000175   00000364   00000091   00000128
00000176   00000362   00000018   00000017
00000177   00000362   00000017   00000132
00000178   00000263   00000133   00000135
00000179   00000318   00000264   00000131
00000180   00000318   00000131   00000289
00000181   00000265   00000132   00000017
00000182   00000305   00000250   00000014
00000183   00000318   00000092   00000124
00000184   00000320   00000264   00000134
00000185   00000242   00000223   00000222
00000186   00000266   00000010   00000009
00000187   00000267   00000105   00000192
00000188   00000320   00000136   00000130
00000189   00000365   00000169   00000170
00000190   00000357   00000071   00000070
00000191   00000383   00000197   00000268
00000192   00000367   00000244   00000243
00000193   00000387   00000255   00000215
00000194   00000247   00000077   00000076
00000195   00000321   00000278   00000144
00000196   00000176   00000053   00000052
00000197   00000142   00000050   00000049
00000198   00000142   00000049   00000140
00000199   00000142   00000051   00000050
00000200   00000142   00000140   00000141
00000201   00000354   00000101   00000238
00000202   00000368   00000042   00000041
00000203   00000144   00000052   00000051
00000204   00000144   00000051   00000142
00000205   00000193   00000188   00000187
00000206   00000369   00000232   00000231
00000207   00000231   00000230   00000146
00000208   00000369   00000231   00000146
00000209   00000270   00000095   00000154
00000210   00000272   00000229   00000148
00000211   00000355   00000240   00000241
00000212   00000374   00000254   00000149
00000213   00000273   00000239   00000098
00000214   00000274   00000147   00000272
00000215   00000370   00000274   00000149
00000216   00000371   00000370   00000146
00000217   00000373   00000150   00000372
00000218   00000394   00000372   00000145
00000219   00000165   00000152   00000151
00000220   00000373   00000372   00000146
00000221   00000310   00000152   00000098
00000222   00000152   00000145   00000151
00000223   00000374   00000149   00000148
00000224   00000314   00000279   00000163
00000225   00000054   00000375   00000376
00000226   00000176   00000052   00000144
00000227   00000375   00000054   00000053
00000228   00000149   00000274   00000148
00000229   00000276   00000271   00000270
00000230   00000375   00000053   00000176
00000231   00000376   00000056   00000055
00000232   00000376   00000055   00000054
00000233   00000275   00000254   00000163
00000234   00000375   00000157   00000376
00000235   00000277   00000155   00000156
00000236   00000277   00000156   00000157
00000237   00000270   00000154   00000155
00000238   00000277   00000157   00000158
00000239   00000161   00000148   00000096
00000240   00000403   00000160   00000153
00000241   00000261   00000230   00000185
00000242   00000378   00000169   00000365
00000243   00000162   00000161   00000160
00000244   00000162   00000148   00000161
00000245   00000321   00000144   00000141
00000246   00000322   00000158   00000157
00000247   00000164   00000097   00000104
00000248   00000335   00000159   00000314
00000249   00000399   00000165   00000151
00000250   00000335   00000314   00000163
00000251   00000166   00000057   00000056
00000252   00000166   00000056   00000156
00000253   00000167   00000137   00000138
00000254   00000345   00000072   00000167
00000255   00000347   00000180   00000181
00000256   00000377   00000347   00000058
00000257   00000378   00000153   00000160
00000258   00000378   00000160   00000161
00000259   00000218   00000183   00000175
00000260   00000379   00000175   00000174
00000261   00000323   00000196   00000280
00000262   00000292   00000247   00000076
00000263   00000381   00000268   00000139
00000264   00000328   00000221   00000211
00000265   00000409   00000202   00000201
00000266   00000281   00000201   00000200
00000267   00000282   00000172   00000171
00000268   00000379   00000174   00000094
00000269   00000356   00000173   00000174
00000270   00000322   00000157   00000176
00000271   00000279   00000275   00000163
00000272   00000178   00000040   00000039
00000273   00000273   00000098   00000152
00000274   00000239   00000177   00000098
00000275   00000284   00000040   00000178
00000276   00000380   00000067   00000112
00000277   00000380   00000112   00000109
00000278   00000246   00000110   00000113
00000279   00000180   00000107   00000110
00000280   00000246   00000181   00000180
00000281   00000181   00000060   00000059
00000282   00000285   00000033   00000032
00000283   00000285   00000032   00000129
00000284   00000379   00000218   00000175
00000285   00000218   00000106   00000109
00000286   00000282   00000171   00000170
00000287   00000302   00000203   00000204
00000288   00000336   00000129   00000125
00000289   00000286   00000033   00000285
00000290   00000395   00000237   00000037
00000291   00000364   00000128   00000193
00000292   00000336   00000125   00000093
00000293   00000267   00000192   00000130
00000294   00000193   00000128   00000127
00000295   00000188   00000186   00000187
00000296   00000337   00000324   00000185
00000297   00000393   00000337   00000185
00000298   00000230   00000261   00000256
00000299   00000337   00000186   00000188
00000300   00000325   00000191   00000190
00000301   00000324   00000261   00000185
00000302   00000392   00000192   00000105
00000303   00000192   00000184   00000191
00000304   00000320   00000134   00000136
00000305   00000325   00000130   00000191
00000306   00000194   00000193   00000127
00000307   00000319   00000318   00000124
00000308   00000290   00000210   00000209
00000309   00000283   00000281   00000200
00000310   00000326   00000304   00000111
00000311   00000381   00000139   00000138
00000312   00000382   00000198   00000137
00000313   00000283   00000200   00000199
00000314   00000382   00000137   00000094
00000315   00000383   00000381   00000198
00000316   00000382   00000094   00000174
00000317   00000199   00000174   00000173
00000318   00000383   00000268   00000381
00000319   00000383   00000294   00000197
00000320   00000229   00000096   00000148
00000321   00000382   00000174   00000199
00000322   00000293   00000200   00000201
00000323   00000327   00000199   00000200
00000324   00000262   00000256   00000261
00000325   00000307   00000299   00000300
00000326   00000272   00000228   00000229
00000327   00000384   00000206   00000207
00000328   00000301   00000299   00000226
00000329   00000384   00000207   00000208
00000330   00000301   00000226   00000225
00000331   00000225   00000206   00000205
00000332   00000385   00000207   00000206
00000333   00000236   00000135   00000133
00000334   00000316   00000259   00000207
00000335   00000384   00000208   00000288
00000336   00000295   00000293   00000201
00000337   00000295   00000201   00000202
00000338   00000288   00000208   00000209
00000339   00000316   00000207   00000212
00000340   00000326   00000196   00000304
00000341   00000304   00000211   00000111
00000342   00000385   00000206   00000105
00000343   00000267   00000130   00000136
00000344   00000219   00000114   00000116
00000345   00000360   00000119   00000117
00000346   00000326   00000214   00000195
00000347   00000214   00000111   00000115
00000348   00000358   00000216   00000255
00000349   00000215   00000195   00000214
00000350   00000388   00000119   00000083
00000351   00000388   00000083   00000082
00000352   00000389   00000007   00000118
00000353   00000389   00000118   00000116
00000354   00000397   00000107   00000253
00000355   00000367   00000109   00000269
00000356   00000390   00000219   00000213
00000357   00000390   00000108   00000114
00000358   00000386   00000118   00000360
00000359   00000220   00000213   00000219
00000360   00000328   00000211   00000210
00000361   00000328   00000210   00000290
00000362   00000305   00000236   00000250
00000363   00000361   00000136   00000134
00000364   00000266   00000009   00000217
00000365   00000359   00000116   00000114
00000366   00000224   00000124   00000090
00000367   00000224   00000123   00000124
00000368   00000392   00000184   00000192
00000369   00000392   00000225   00000184
00000370   00000301   00000225   00000205
00000371   00000315   00000262   00000184
00000372   00000301   00000205   00000204
00000373   00000300   00000204   00000203
00000374   00000283   00000199   00000173
00000375   00000229   00000169   00000096
00000376   00000299   00000227   00000226
00000377   00000407   00000229   00000228
00000378   00000373   00000146   00000370
00000379   00000336   00000187   00000186
00000380   00000393   00000186   00000337
00000381   00000231   00000185   00000230
00000382   00000310   00000145   00000152
00000383   00000369   00000329   00000232
00000384   00000286   00000233   00000234
00000385   00000286   00000234   00000235
00000386   00000235   00000035   00000034
00000387   00000329   00000233   00000232
00000388   00000311   00000237   00000234
00000389   00000395   00000037   00000036
00000390   00000306   00000134   00000135
00000391   00000305   00000014   00000013
00000392   00000395   00000036   00000035
00000393   00000395   00000035   00000235
00000394   00000396   00000102   00000100
00000395   00000240   00000104   00000102
00000396   00000284   00000103   00000143
00000397   00000284   00000178   00000177
00000398   00000273   00000152   00000165
00000399   00000396   00000100   00000238
00000400   00000396   00000238   00000101
00000401   00000396   00000101   00000241
00000402   00000316   00000258   00000259
00000403   00000306   00000135   00000236
00000404   00000397   00000244   00000110
00000405   00000243   00000183   00000218
00000406   00000269   00000109   00000112
00000407   00000397   00000110   00000107
00000408   00000402   00000113   00000244
00000409   00000351   00000062   00000061
00000410   00000246   00000180   00000110
00000411   00000246   00000060   00000181
00000412   00000291   00000074   00000139
00000413   00000326   00000111   00000214
00000414   00000386   00000249   00000116
00000415   00000249   00000248   00000220
00000416   00000249   00000220   00000219
00000417   00000249   00000219   00000116
00000418   00000265   00000250   00000133
00000419   00000265   00000017   00000016
00000420   00000356   00000174   00000175
00000421   00000365   00000170   00000171
00000422   00000277   00000158   00000276
00000423   00000276   00000158   00000159
00000424   00000398   00000253   00000252
00000425   00000398   00000175   00000183
00000426   00000275   00000097   00000164
00000427   00000399   00000151   00000150
00000428   00000255   00000080   00000079
00000429   00000255   00000079   00000215
00000430   00000257   00000225   00000226
00000431   00000298   00000257   00000227
00000432   00000400   00000147   00000344
00000433   00000257   00000226   00000227
00000434   00000328   00000290   00000213
00000435   00000390   00000114   00000219
00000436   00000290   00000259   00000258
00000437   00000259   00000209   00000208
00000438   00000289   00000194   00000092
00000439   00000289   00000131   00000260
00000440   00000330   00000191   00000184
00000441   00000324   00000189   00000190
00000442   00000330   00000184   00000262
00000443   00000265   00000016   00000250
00000444   00000325   00000190   00000260
00000445   00000319   00000124   00000132
00000446   00000264   00000263   00000134
00000447   00000319   00000263   00000264
00000448   00000265   00000133   00000263
00000449   00000391   00000222   00000223
00000450   00000266   00000223   00000010
00000451   00000385   00000212   00000207
00000452   00000401   00000136   00000361
00000453   00000292   00000076   00000075
00000454   00000280   00000195   00000247
00000455   00000402   00000244   00000269
00000456   00000402   00000269   00000112
00000457   00000270   00000252   00000095
00000458   00000331   00000171   00000251
00000459   00000365   00000171   00000331
00000460   00000331   00000251   00000252
00000461   00000400   00000298   00000147
00000462   00000298   00000272   00000147
00000463   00000273   00000241   00000103
00000464   00000273   00000103   00000239
00000465   00000274   00000272   00000148
00000466   00000399   00000150   00000254
00000467   00000399   00000254   00000275
00000468   00000403   00000153   00000271
00000469   00000403   00000276   00000159
00000470   00000277   00000276   00000270
00000471   00000277   00000270   00000155
00000472   00000278   00000176   00000144
00000473   00000279   00000097   00000275
00000474   00000314   00000159   00000158
00000475   00000321   00000141   00000097
00000476   00000292   00000075   00000291
00000477   00000291   00000139   00000268
00000478   00000407   00000228   00000307
00000479   00000283   00000282   00000281
00000480   00000407   00000307   00000404
00000481   00000409   00000201   00000281
00000482   00000283   00000173   00000172
00000483   00000283   00000172   00000282
00000484   00000284   00000177   00000239
00000485   00000284   00000239   00000103
00000486   00000393   00000308   00000186
00000487   00000332   00000185   00000231
00000488   00000336   00000093   00000187
00000489   00000332   00000309   00000308
00000490   00000404   00000307   00000287
00000491   00000287   00000281   00000282
00000492   00000406   00000295   00000202
00000493   00000302   00000204   00000288
00000494   00000317   00000188   00000193
00000495   00000317   00000289   00000260
00000496   00000290   00000258   00000213
00000497   00000290   00000209   00000259
00000498   00000405   00000268   00000197
00000499   00000405   00000197   00000323
00000500   00000292   00000280   00000247
00000501   00000405   00000292   00000291
00000502   00000334   00000297   00000296
00000503   00000406   00000202   00000203
00000504   00000408   00000296   00000295
00000505   00000303   00000302   00000288
00000506   00000303   00000288   00000209
00000507   00000405   00000291   00000268
00000508   00000296   00000294   00000293
00000509   00000296   00000293   00000295
00000510   00000297   00000197   00000294
00000511   00000297   00000294   00000296
00000512   00000298   00000227   00000228
00000513   00000298   00000228   00000272
00000514   00000404   00000287   00000282
00000515   00000299   00000228   00000227
00000516   00000409   00000281   00000287
00000517   00000307   00000228   00000299
00000518   00000301   00000204   00000300
00000519   00000301   00000300   00000299
00000520   00000334   00000303   00000210
00000521   00000304   00000196   00000297
00000522   00000303   00000209   00000210
00000523   00000334   00000210   00000211
00000524   00000408   00000334   00000296
00000525   00000408   00000302   00000303
00000526   00000312   00000305   00000242
00000527   00000305   00000013   00000242
00000528   00000312   00000236   00000305
00000529   00000313   00000242   00000222
00000530   00000409   00000300   00000203
00000531   00000409   00000203   00000202
00000532   00000309   00000232   00000233
00000533   00000309   00000233   00000286
00000534   00000333   00000285   00000129
00000535   00000333   00000309   00000286
00000536   00000394   00000146   00000372
00000537   00000329   00000311   00000234
00000538   00000353   00000177   00000182
00000539   00000311   00000182   00000237
00000540   00000313   00000222   00000108
00000541   00000312   00000306   00000236
00000542   00000313   00000312   00000242
00000543   00000313   00000306   00000312
00000544   00000322   00000176   00000278
00000545   00000322   00000314   00000158
00000546   00000315   00000184   00000225
00000547   00000315   00000225   00000257
00000548   00000338   00000108   00000258
00000549   00000338   00000258   00000316
00000550   00000317   00000193   00000194
00000551   00000317   00000194   00000289
00000552   00000319   00000265   00000263
00000553   00000318   00000289   00000092
00000554   00000319   00000132   00000265
00000555   00000319   00000264   00000318
00000556   00000325   00000260   00000131
00000557   00000320   00000131   00000264
00000558   00000321   00000279   00000278
00000559   00000321   00000097   00000279
00000560   00000322   00000278   00000279
00000561   00000322   00000279   00000314
00000562   00000323   00000297   00000196
00000563   00000323   00000197   00000297
00000564   00000330   00000190   00000191
00000565   00000330   00000262   00000261
00000566   00000325   00000131   00000320
00000567   00000325   00000320   00000130
00000568   00000326   00000280   00000196
00000569   00000326   00000195   00000280
00000570   00000327   00000200   00000293
00000571   00000327   00000293   00000294
00000572   00000328   00000213   00000220
00000573   00000328   00000220   00000221
00000574   00000329   00000234   00000233
00000575   00000329   00000310   00000311
00000576   00000330   00000261   00000324
00000577   00000330   00000324   00000190
00000578   00000331   00000252   00000270
00000579   00000331   00000270   00000271
00000580   00000332   00000231   00000232
00000581   00000332   00000232   00000309
00000582   00000333   00000286   00000285
00000583   00000333   00000308   00000309
00000584   00000334   00000211   00000304
00000585   00000334   00000304   00000297
00000586   00000374   00000148   00000162
00000587   00000335   00000163   00000254
00000588   00000336   00000186   00000308
00000589   00000336   00000308   00000333
00000590   00000337   00000188   00000189
00000591   00000337   00000189   00000324
00000592   00000361   00000134   00000306
00000593   00000338   00000306   00000313
00000594   00000339   00000122   00000087
00000595   00000339   00000086   00000122
00000596   00000340   00000122   00000086
00000597   00000340   00000088   00000122
00000598   00000341   00000029   00000028
00000599   00000341   00000089   00000121
00000600   00000342   00000238   00000100
00000601   00000342   00000099   00000238
00000602   00000343   00000047   00000100
00000603   00000343   00000102   00000140
00000604   00000344   00000146   00000230
00000605   00000345   00000167   00000138
00000606   00000345   00000138   00000139
00000607   00000346   00000069   00000179
00000608   00000357   00000070   00000346
00000609   00000377   00000058   00000057
00000610   00000377   00000057   00000166
00000611   00000402   00000112   00000245
00000612   00000402   00000245   00000085
00000613   00000349   00000021   00000224
00000614   00000349   00000088   00000340
00000615   00000350   00000128   00000089
00000616   00000350   00000127   00000128
00000617   00000351   00000061   00000246
00000618   00000351   00000348   00000062
00000619   00000352   00000347   00000168
00000620   00000352   00000180   00000347
00000621   00000353   00000311   00000310
00000622   00000353   00000182   00000311
00000623   00000368   00000041   00000143
00000624   00000368   00000143   00000101
00000625   00000355   00000273   00000165
00000626   00000355   00000241   00000273
00000627   00000398   00000183   00000253
00000628   00000398   00000252   00000251
00000629   00000366   00000094   00000137
00000630   00000357   00000346   00000106
00000631   00000387   00000215   00000214
00000632   00000387   00000358   00000255
00000633   00000391   00000223   00000266
00000634   00000391   00000359   00000114
00000635   00000386   00000116   00000118
00000636   00000386   00000360   00000117
00000637   00000361   00000338   00000316
00000638   00000361   00000306   00000338
00000639   00000362   00000132   00000124
00000640   00000362   00000124   00000123
00000641   00000363   00000030   00000121
00000642   00000363   00000125   00000126
00000643   00000364   00000193   00000187
00000644   00000364   00000187   00000093
00000645   00000365   00000331   00000271
00000646   00000365   00000271   00000153
00000647   00000366   00000137   00000167
00000648   00000366   00000167   00000357
00000649   00000367   00000243   00000218
00000650   00000367   00000218   00000109
00000651   00000368   00000101   00000354
00000652   00000368   00000354   00000042
00000653   00000394   00000369   00000146
00000654   00000394   00000145   00000310
00000655   00000371   00000146   00000344
00000656   00000371   00000344   00000147
00000657   00000371   00000147   00000274
00000658   00000371   00000274   00000370
00000659   00000372   00000151   00000145
00000660   00000372   00000150   00000151
00000661   00000373   00000370   00000149
00000662   00000373   00000149   00000150
00000663   00000374   00000335   00000254
00000664   00000374   00000162   00000335
00000665   00000375   00000176   00000157
00000666   00000376   00000157   00000156
00000667   00000377   00000166   00000168
00000668   00000377   00000168   00000347
00000669   00000378   00000161   00000096
00000670   00000378   00000096   00000169
00000671   00000379   00000094   00000106
00000672   00000379   00000106   00000218
00000673   00000380   00000109   00000179
00000674   00000380   00000179   00000068
00000675   00000381   00000138   00000137
00000676   00000381   00000137   00000198
00000677   00000382   00000327   00000198
00000678   00000382   00000199   00000327
00000679   00000383   00000327   00000294
00000680   00000383   00000198   00000327
00000681   00000384   00000288   00000204
00000682   00000384   00000204   00000205
00000683   00000401   00000385   00000105
00000684   00000401   00000105   00000267
00000685   00000386   00000117   00000248
00000686   00000386   00000248   00000249
00000687   00000387   00000214   00000115
00000688   00000387   00000115   00000358
00000689   00000388   00000216   00000117
00000690   00000388   00000117   00000119
00000691   00000389   00000116   00000217
00000692   00000389   00000217   00000008
00000693   00000390   00000258   00000108
00000694   00000390   00000213   00000258
00000695   00000391   00000114   00000222
00000696   00000391   00000266   00000359
00000697   00000392   00000105   00000206
00000698   00000392   00000206   00000225
00000699   00000393   00000332   00000308
00000700   00000393   00000185   00000332
00000701   00000394   00000310   00000329
00000702   00000394   00000329   00000369
00000703   00000395   00000235   00000234
00000704   00000395   00000234   00000237
00000705   00000396   00000241   00000240
00000706   00000396   00000240   00000102
00000707   00000397   00000183   00000243
00000708   00000397   00000243   00000244
00000709   00000398   00000251   00000356
00000710   00000398   00000356   00000175
00000711   00000399   00000275   00000164
00000712   00000399   00000164   00000165
00000713   00000400   00000256   00000257
00000714   00000400   00000257   00000298
00000715   00000401   00000267   00000136
00000716   00000401   00000212   00000385
00000717   00000402   00000085   00000348
00000718   00000402   00000348   00000113
00000719   00000403   00000159   00000160
00000720   00000403   00000271   00000276
00000721   00000404   00000282   00000170
00000722   00000407   00000404   00000170
00000723   00000405   00000323   00000280
00000724   00000405   00000280   00000292
00000725   00000408   00000303   00000334
00000726   00000406   00000203   00000302
00000727   00000407   00000170   00000169
00000728   00000407   00000169   00000229
00000729   00000408   00000406   00000302
00000730   00000408   00000295   00000406
00000731   00000409   00000307   00000300
00000732   00000409   00000287   00000307
