NOEUD     770
00000001   0.0000E+00   0.3500E-01
00000002   0.3500E-01   0.3500E-01
00000003   0.3500E-01   0.0000E+00
00000004   0.0000E+00   0.0000E+00
00000005   0.1200E-02   0.3500E-01
00000006   0.2400E-02   0.3500E-01
00000007   0.3600E-02   0.3500E-01
00000008   0.4800E-02   0.3500E-01
00000009   0.6000E-02   0.3500E-01
00000010   0.7200E-02   0.3500E-01
00000011   0.8400E-02   0.3500E-01
00000012   0.9700E-02   0.3500E-01
00000013   0.1090E-01   0.3500E-01
00000014   0.1210E-01   0.3500E-01
00000015   0.1330E-01   0.3500E-01
00000016   0.1450E-01   0.3500E-01
00000017   0.1570E-01   0.3500E-01
00000018   0.1690E-01   0.3500E-01
00000019   0.1810E-01   0.3500E-01
00000020   0.1930E-01   0.3500E-01
00000021   0.2050E-01   0.3500E-01
00000022   0.2170E-01   0.3500E-01
00000023   0.2290E-01   0.3500E-01
00000024   0.2410E-01   0.3500E-01
00000025   0.2530E-01   0.3500E-01
00000026   0.2660E-01   0.3500E-01
00000027   0.2780E-01   0.3500E-01
00000028   0.2900E-01   0.3500E-01
00000029   0.3020E-01   0.3500E-01
00000030   0.3140E-01   0.3500E-01
00000031   0.3260E-01   0.3500E-01
00000032   0.3380E-01   0.3500E-01
00000033   0.3500E-01   0.3380E-01
00000034   0.3500E-01   0.3260E-01
00000035   0.3500E-01   0.3140E-01
00000036   0.3500E-01   0.3020E-01
00000037   0.3500E-01   0.2900E-01
00000038   0.3500E-01   0.2780E-01
00000039   0.3500E-01   0.2660E-01
00000040   0.3500E-01   0.2530E-01
00000041   0.3500E-01   0.2410E-01
00000042   0.3500E-01   0.2290E-01
00000043   0.3500E-01   0.2170E-01
00000044   0.3500E-01   0.2050E-01
00000045   0.3500E-01   0.1930E-01
00000046   0.3500E-01   0.1810E-01
00000047   0.3500E-01   0.1690E-01
00000048   0.3500E-01   0.1570E-01
00000049   0.3500E-01   0.1450E-01
00000050   0.3500E-01   0.1330E-01
00000051   0.3500E-01   0.1210E-01
00000052   0.3500E-01   0.1090E-01
00000053   0.3500E-01   0.9700E-02
00000054   0.3500E-01   0.8400E-02
00000055   0.3500E-01   0.7200E-02
00000056   0.3500E-01   0.6000E-02
00000057   0.3500E-01   0.4800E-02
00000058   0.3500E-01   0.3600E-02
00000059   0.3500E-01   0.2400E-02
00000060   0.3500E-01   0.1200E-02
00000061   0.3380E-01   0.0000E+00
00000062   0.3260E-01   0.0000E+00
00000063   0.3140E-01   0.0000E+00
00000064   0.3020E-01   0.0000E+00
00000065   0.2900E-01   0.0000E+00
00000066   0.2780E-01   0.0000E+00
00000067   0.2660E-01   0.0000E+00
00000068   0.2530E-01   0.0000E+00
00000069   0.2410E-01   0.0000E+00
00000070   0.2290E-01   0.0000E+00
00000071   0.2170E-01   0.0000E+00
00000072   0.2050E-01   0.0000E+00
00000073   0.1930E-01   0.0000E+00
00000074   0.1810E-01   0.0000E+00
00000075   0.1690E-01   0.0000E+00
00000076   0.1570E-01   0.0000E+00
00000077   0.1450E-01   0.0000E+00
00000078   0.1330E-01   0.0000E+00
00000079   0.1210E-01   0.0000E+00
00000080   0.1090E-01   0.0000E+00
00000081   0.9700E-02   0.0000E+00
00000082   0.8400E-02   0.0000E+00
00000083   0.7200E-02   0.0000E+00
00000084   0.6000E-02   0.0000E+00
00000085   0.4800E-02   0.0000E+00
00000086   0.3600E-02   0.0000E+00
00000087   0.2400E-02   0.0000E+00
00000088   0.1200E-02   0.0000E+00
00000089   0.0000E+00   0.1200E-02
00000090   0.0000E+00   0.2400E-02
00000091   0.0000E+00   0.3600E-02
00000092   0.0000E+00   0.4800E-02
00000093   0.0000E+00   0.6000E-02
00000094   0.0000E+00   0.7200E-02
00000095   0.0000E+00   0.8400E-02
00000096   0.0000E+00   0.9700E-02
00000097   0.0000E+00   0.1090E-01
00000098   0.0000E+00   0.1210E-01
00000099   0.0000E+00   0.1330E-01
00000100   0.0000E+00   0.1450E-01
00000101   0.0000E+00   0.1570E-01
00000102   0.0000E+00   0.1690E-01
00000103   0.0000E+00   0.1810E-01
00000104   0.0000E+00   0.1930E-01
00000105   0.0000E+00   0.2050E-01
00000106   0.0000E+00   0.2170E-01
00000107   0.0000E+00   0.2290E-01
00000108   0.0000E+00   0.2410E-01
00000109   0.0000E+00   0.2530E-01
00000110   0.0000E+00   0.2660E-01
00000111   0.0000E+00   0.2780E-01
00000112   0.0000E+00   0.2900E-01
00000113   0.0000E+00   0.3020E-01
00000114   0.0000E+00   0.3140E-01
00000115   0.0000E+00   0.3260E-01
00000116   0.0000E+00   0.3380E-01
00000117   0.1700E-02   0.1000E-02
00000118   0.3300E-01   0.3400E-01
00000119   0.3370E-01   0.3170E-01
00000120   0.3120E-01   0.3250E-01
00000121   0.3280E-01   0.3010E-01
00000122   0.2950E-01   0.3220E-01
00000123   0.3230E-01   0.2850E-01
00000124   0.2780E-01   0.3140E-01
00000125   0.3130E-01   0.2720E-01
00000126   0.2620E-01   0.3010E-01
00000127   0.3040E-01   0.2580E-01
00000128   0.2500E-01   0.2960E-01
00000129   0.3010E-01   0.2410E-01
00000130   0.5500E-02   0.1140E-01
00000131   0.1150E-01   0.5900E-02
00000132   0.1770E-01   0.1160E-01
00000133   0.2340E-01   0.1760E-01
00000134   0.2420E-01   0.5200E-02
00000135   0.2950E-01   0.1100E-01
00000136   0.3400E-01   0.2100E-02
00000137   0.3200E-01   0.1400E-02
00000138   0.3250E-01   0.3800E-02
00000139   0.3050E-01   0.2000E-02
00000140   0.3240E-01   0.5400E-02
00000141   0.2860E-01   0.2700E-02
00000142   0.3150E-01   0.6500E-02
00000143   0.2700E-01   0.3800E-02
00000144   0.3050E-01   0.8600E-02
00000145   0.2560E-01   0.4400E-02
00000146   0.1770E-01   0.2370E-01
00000147   0.4800E-02   0.1000E-01
00000148   0.1010E-01   0.5100E-02
00000149   0.4100E-02   0.8800E-02
00000150   0.8400E-02   0.4400E-02
00000151   0.1160E-01   0.2920E-01
00000152   0.2900E-02   0.6500E-02
00000153   0.7000E-02   0.3600E-02
00000154   0.5500E-02   0.2430E-01
00000155   0.2300E-02   0.5100E-02
00000156   0.4200E-02   0.2500E-02
00000157   0.1600E-02   0.3700E-02
00000158   0.1010E-01   0.3020E-01
00000159   0.4900E-02   0.2560E-01
00000160   0.8400E-02   0.3080E-01
00000161   0.4100E-02   0.2720E-01
00000162   0.6800E-02   0.3180E-01
00000163   0.3300E-02   0.2880E-01
00000164   0.5100E-02   0.3250E-01
00000165   0.2400E-02   0.3050E-01
00000166   0.3400E-02   0.3340E-01
00000167   0.1300E-02   0.3210E-01
00000168   0.1500E-02   0.3340E-01
00000169   0.3380E-01   0.2880E-01
00000170   0.3260E-01   0.3280E-01
00000171   0.2780E-01   0.3390E-01
00000172   0.2830E-01   0.3280E-01
00000173   0.3260E-01   0.2710E-01
00000174   0.3380E-01   0.2680E-01
00000175   0.3050E-01   0.3100E-01
00000176   0.3140E-01   0.2980E-01
00000177   0.3300E-01   0.2490E-01
00000178   0.2600E-01   0.3170E-01
00000179   0.2570E-01   0.3280E-01
00000180   0.2460E-01   0.3370E-01
00000181   0.2480E-01   0.3080E-01
00000182   0.3110E-01   0.2360E-01
00000183   0.3220E-01   0.2350E-01
00000184   0.3390E-01   0.2310E-01
00000185   0.2890E-01   0.3040E-01
00000186   0.2980E-01   0.2940E-01
00000187   0.3070E-01   0.2840E-01
00000188   0.2330E-01   0.3270E-01
00000189   0.2350E-01   0.3140E-01
00000190   0.2200E-01   0.3330E-01
00000191   0.3250E-01   0.2210E-01
00000192   0.3150E-01   0.2270E-01
00000193   0.1920E-01   0.2510E-01
00000194   0.2120E-01   0.2670E-01
00000195   0.2320E-01   0.2870E-01
00000196   0.1890E-01   0.3400E-01
00000197   0.1890E-01   0.3270E-01
00000198   0.1850E-01   0.3150E-01
00000199   0.1830E-01   0.3010E-01
00000200   0.1880E-01   0.2870E-01
00000201   0.1850E-01   0.2750E-01
00000202   0.1820E-01   0.2630E-01
00000203   0.1790E-01   0.2500E-01
00000204   0.2680E-01   0.2850E-01
00000205   0.2880E-01   0.2720E-01
00000206   0.2840E-01   0.2860E-01
00000207   0.2770E-01   0.2980E-01
00000208   0.4900E-02   0.1270E-01
00000209   0.4000E-02   0.1360E-01
00000210   0.3300E-02   0.1460E-01
00000211   0.2100E-02   0.1520E-01
00000212   0.1100E-02   0.1630E-01
00000213   0.2700E-01   0.2500E-02
00000214   0.2670E-01   0.1200E-02
00000215   0.2900E-01   0.1400E-02
00000216   0.2560E-01   0.2200E-02
00000217   0.3410E-01   0.6800E-02
00000218   0.3290E-01   0.6700E-02
00000219   0.2410E-01   0.4000E-02
00000220   0.2410E-01   0.2700E-02
00000221   0.2410E-01   0.1300E-02
00000222   0.2780E-01   0.1250E-01
00000223   0.2630E-01   0.1420E-01
00000224   0.2480E-01   0.1590E-01
00000225   0.2170E-01   0.1600E-01
00000226   0.2010E-01   0.1420E-01
00000227   0.1990E-01   0.1150E-01
00000228   0.2260E-01   0.1110E-01
00000229   0.2500E-01   0.1140E-01
00000230   0.2750E-01   0.1100E-01
00000231   0.2240E-01   0.1900E-02
00000232   0.3250E-01   0.2080E-01
00000233   0.1940E-01   0.1000E-01
00000234   0.2070E-01   0.8500E-02
00000235   0.2260E-01   0.6700E-02
00000236   0.2500E-01   0.6000E-02
00000237   0.2570E-01   0.7300E-02
00000238   0.2670E-01   0.8400E-02
00000239   0.2770E-01   0.9400E-02
00000240   0.2870E-01   0.1020E-01
00000241   0.3310E-01   0.9200E-02
00000242   0.3400E-01   0.1010E-01
00000243   0.3150E-01   0.1110E-01
00000244   0.3280E-01   0.1150E-01
00000245   0.1600E-01   0.1000E-01
00000246   0.1400E-01   0.8700E-02
00000247   0.1220E-01   0.5000E-02
00000248   0.1350E-01   0.4300E-02
00000249   0.1440E-01   0.3400E-02
00000250   0.1530E-01   0.2600E-02
00000251   0.1640E-01   0.1500E-02
00000252   0.1770E-01   0.2500E-02
00000253   0.1790E-01   0.4600E-02
00000254   0.1800E-01   0.7400E-02
00000255   0.1800E-01   0.9300E-02
00000256   0.2250E-01   0.3500E-02
00000257   0.2090E-01   0.1700E-02
00000258   0.1100E-02   0.1390E-01
00000259   0.2300E-02   0.1330E-01
00000260   0.1660E-01   0.1130E-01
00000261   0.1540E-01   0.1170E-01
00000262   0.1420E-01   0.1150E-01
00000263   0.1290E-01   0.1210E-01
00000264   0.1160E-01   0.1170E-01
00000265   0.1050E-01   0.1160E-01
00000266   0.9300E-02   0.1170E-01
00000267   0.8000E-02   0.1170E-01
00000268   0.6800E-02   0.1160E-01
00000269   0.7400E-02   0.1000E-01
00000270   0.9300E-02   0.8600E-02
00000271   0.3600E-02   0.1220E-01
00000272   0.1310E-01   0.2900E-02
00000273   0.1270E-01   0.1400E-02
00000274   0.1100E-02   0.1210E-01
00000275   0.2500E-02   0.1160E-01
00000276   0.3400E-02   0.1090E-01
00000277   0.2730E-01   0.2710E-01
00000278   0.2890E-01   0.2510E-01
00000279   0.1180E-01   0.3700E-02
00000280   0.1190E-01   0.2400E-02
00000281   0.1060E-01   0.4000E-02
00000282   0.1060E-01   0.2800E-02
00000283   0.1080E-01   0.1200E-02
00000284   0.1800E-02   0.1020E-01
00000285   0.3370E-01   0.1240E-01
00000286   0.3030E-01   0.1130E-01
00000287   0.1200E-02   0.8500E-02
00000288   0.2700E-02   0.8400E-02
00000289   0.3100E-02   0.1500E-02
00000290   0.9300E-02   0.2200E-02
00000291   0.3220E-01   0.1250E-01
00000292   0.1600E-02   0.2100E-02
00000293   0.1000E-02   0.5000E-02
00000294   0.3320E-01   0.1380E-01
00000295   0.1930E-01   0.2210E-01
00000296   0.2070E-01   0.2040E-01
00000297   0.2520E-01   0.1910E-01
00000298   0.2660E-01   0.2090E-01
00000299   0.2830E-01   0.2270E-01
00000300   0.2750E-01   0.2400E-01
00000301   0.2600E-01   0.2380E-01
00000302   0.2470E-01   0.2450E-01
00000303   0.2380E-01   0.2390E-01
00000304   0.2270E-01   0.2390E-01
00000305   0.2150E-01   0.2400E-01
00000306   0.2010E-01   0.2380E-01
00000307   0.1890E-01   0.2380E-01
00000308   0.3500E-02   0.2360E-01
00000309   0.1000E-02   0.2240E-01
00000310   0.2100E-02   0.2270E-01
00000311   0.2300E-02   0.2440E-01
00000312   0.1200E-01   0.3140E-01
00000313   0.1200E-01   0.3390E-01
00000314   0.1150E-01   0.3250E-01
00000315   0.1060E-01   0.3140E-01
00000316   0.3600E-02   0.2560E-01
00000317   0.2300E-02   0.2580E-01
00000318   0.1000E-02   0.2530E-01
00000319   0.1010E-01   0.3320E-01
00000320   0.2700E-02   0.2740E-01
00000321   0.1300E-02   0.2760E-01
00000322   0.8400E-02   0.3230E-01
00000323   0.8400E-02   0.3370E-01
00000324   0.1300E-02   0.3100E-01
00000325   0.8000E-02   0.8400E-02
00000326   0.8900E-02   0.6000E-02
00000327   0.3900E-02   0.3020E-01
00000328   0.4700E-02   0.3120E-01
00000329   0.6200E-02   0.2530E-01
00000330   0.6900E-02   0.2630E-01
00000331   0.7900E-02   0.2720E-01
00000332   0.8700E-02   0.2810E-01
00000333   0.9300E-02   0.2920E-01
00000334   0.6000E-02   0.3080E-01
00000335   0.5400E-02   0.2960E-01
00000336   0.4700E-02   0.2850E-01
00000337   0.6700E-02   0.2950E-01
00000338   0.2920E-01   0.3380E-01
00000339   0.5700E-02   0.2300E-01
00000340   0.5700E-02   0.2160E-01
00000341   0.6000E-02   0.2050E-01
00000342   0.5600E-02   0.1920E-01
00000343   0.6200E-02   0.1760E-01
00000344   0.5600E-02   0.1670E-01
00000345   0.5600E-02   0.1550E-01
00000346   0.5600E-02   0.1410E-01
00000347   0.7300E-02   0.1330E-01
00000348   0.8300E-02   0.1430E-01
00000349   0.9300E-02   0.1500E-01
00000350   0.9600E-02   0.1600E-01
00000351   0.1070E-01   0.1680E-01
00000352   0.1180E-01   0.1780E-01
00000353   0.1240E-01   0.1880E-01
00000354   0.1320E-01   0.1940E-01
00000355   0.1410E-01   0.2030E-01
00000356   0.1500E-01   0.2110E-01
00000357   0.1600E-01   0.2200E-01
00000358   0.1680E-01   0.2290E-01
00000359   0.1540E-01   0.2350E-01
00000360   0.1400E-01   0.2380E-01
00000361   0.1290E-01   0.2380E-01
00000362   0.1190E-01   0.2460E-01
00000363   0.1070E-01   0.2380E-01
00000364   0.9500E-02   0.2340E-01
00000365   0.8200E-02   0.2390E-01
00000366   0.2700E-01   0.3280E-01
00000367   0.1600E-02   0.2110E-01
00000368   0.3200E-02   0.2190E-01
00000369   0.1770E-01   0.2150E-01
00000370   0.1770E-01   0.2010E-01
00000371   0.1760E-01   0.1880E-01
00000372   0.1770E-01   0.1770E-01
00000373   0.1760E-01   0.1540E-01
00000374   0.1750E-01   0.1390E-01
00000375   0.1790E-01   0.1280E-01
00000376   0.1270E-01   0.3260E-01
00000377   0.6500E-02   0.8500E-02
00000378   0.2590E-01   0.1790E-01
00000379   0.2800E-01   0.1760E-01
00000380   0.3030E-01   0.1740E-01
00000381   0.3270E-01   0.1710E-01
00000382   0.3150E-01   0.1810E-01
00000383   0.2910E-01   0.1750E-01
00000384   0.1770E-01   0.3380E-01
00000385   0.1700E-01   0.3250E-01
00000386   0.1710E-01   0.3110E-01
00000387   0.1690E-01   0.3000E-01
00000388   0.1360E-01   0.2750E-01
00000389   0.1530E-01   0.2630E-01
00000390   0.1500E-01   0.3310E-01
00000391   0.1450E-01   0.3190E-01
00000392   0.1350E-01   0.3130E-01
00000393   0.1260E-01   0.3010E-01
00000394   0.3060E-01   0.1250E-01
00000395   0.3020E-01   0.1010E-01
00000396   0.3380E-01   0.5700E-02
00000397   0.3290E-01   0.2400E-02
00000398   0.3040E-01   0.5000E-02
00000399   0.3000E-01   0.3800E-02
00000400   0.2930E-01   0.6700E-02
00000401   0.2830E-01   0.4500E-02
00000402   0.2670E-01   0.5600E-02
00000403   0.2820E-01   0.6100E-02
00000404   0.7000E-02   0.2400E-02
00000405   0.6400E-02   0.1200E-02
00000406   0.7900E-02   0.1400E-02
00000407   0.6900E-02   0.7400E-02
00000408   0.6400E-02   0.6000E-02
00000409   0.5100E-02   0.6400E-02
00000410   0.1360E-01   0.3370E-01
00000411   0.5000E-02   0.5200E-02
00000412   0.6000E-02   0.4400E-02
00000413   0.4800E-02   0.1100E-02
00000414   0.9900E-02   0.2810E-01
00000415   0.6300E-02   0.2790E-01
00000416   0.5500E-02   0.2680E-01
00000417   0.5600E-02   0.3390E-01
00000418   0.1100E-02   0.2990E-01
00000419   0.3390E-01   0.1760E-01
00000420   0.1890E-01   0.1230E-01
00000421   0.2000E-01   0.1290E-01
00000422   0.1890E-01   0.1350E-01
00000423   0.1500E-01   0.1200E-02
00000424   0.2320E-01   0.7900E-02
00000425   0.2360E-01   0.9000E-02
00000426   0.2410E-01   0.1010E-01
00000427   0.2210E-01   0.2530E-01
00000428   0.1100E-02   0.2370E-01
00000429   0.2710E-01   0.2530E-01
00000430   0.1010E-01   0.9300E-02
00000431   0.6900E-02   0.3390E-01
00000432   0.2050E-01   0.3350E-01
00000433   0.1320E-01   0.6000E-02
00000434   0.1370E-01   0.7400E-02
00000435   0.3150E-01   0.3000E-02
00000436   0.2820E-01   0.7600E-02
00000437   0.8100E-02   0.2900E-02
00000438   0.7900E-02   0.6800E-02
00000439   0.3600E-02   0.5200E-02
00000440   0.6700E-02   0.2400E-01
00000441   0.1210E-01   0.2320E-01
00000442   0.1260E-01   0.2190E-01
00000443   0.1290E-01   0.2060E-01
00000444   0.3380E-01   0.2000E-01
00000445   0.2200E-01   0.2240E-01
00000446   0.2240E-01   0.1990E-01
00000447   0.2380E-01   0.1960E-01
00000448   0.2430E-01   0.2150E-01
00000449   0.3380E-01   0.2140E-01
00000450   0.2560E-01   0.2200E-01
00000451   0.2100E-01   0.3130E-01
00000452   0.1980E-01   0.2950E-01
00000453   0.2100E-01   0.2930E-01
00000454   0.2190E-01   0.2860E-01
00000455   0.1670E-01   0.2620E-01
00000456   0.1450E-01   0.2520E-01
00000457   0.1630E-01   0.2470E-01
00000458   0.2450E-01   0.2860E-01
00000459   0.2560E-01   0.2880E-01
00000460   0.3000E-01   0.2720E-01
00000461   0.1380E-01   0.2150E-01
00000462   0.1330E-01   0.2270E-01
00000463   0.3240E-01   0.1940E-01
00000464   0.3290E-01   0.1820E-01
00000465   0.3320E-01   0.1550E-01
00000466   0.3400E-01   0.1650E-01
00000467   0.2140E-01   0.1220E-01
00000468   0.6000E-02   0.1260E-01
00000469   0.2300E-01   0.1250E-01
00000470   0.2330E-01   0.1370E-01
00000471   0.2400E-01   0.1480E-01
00000472   0.2220E-01   0.1350E-01
00000473   0.2370E-01   0.6400E-02
00000474   0.2460E-01   0.2610E-01
00000475   0.2540E-01   0.9000E-02
00000476   0.2910E-01   0.8900E-02
00000477   0.2110E-01   0.1830E-01
00000478   0.1920E-01   0.1500E-02
00000479   0.1530E-01   0.8200E-02
00000480   0.1630E-01   0.7000E-02
00000481   0.1680E-01   0.4500E-02
00000482   0.1560E-01   0.4000E-02
00000483   0.1890E-01   0.5500E-02
00000484   0.2030E-01   0.5600E-02
00000485   0.2130E-01   0.6500E-02
00000486   0.1760E-01   0.1200E-02
00000487   0.1460E-01   0.5000E-02
00000488   0.1580E-01   0.5500E-02
00000489   0.2000E-01   0.4500E-02
00000490   0.1890E-01   0.3700E-02
00000491   0.9600E-02   0.2670E-01
00000492   0.9500E-02   0.2520E-01
00000493   0.1070E-01   0.1510E-01
00000494   0.1120E-01   0.1370E-01
00000495   0.4400E-02   0.3900E-02
00000496   0.4400E-02   0.1490E-01
00000497   0.1280E-01   0.8500E-02
00000498   0.1150E-01   0.8800E-02
00000499   0.1280E-01   0.1370E-01
00000500   0.1770E-01   0.1660E-01
00000501   0.1650E-01   0.1790E-01
00000502   0.1500E-01   0.1820E-01
00000503   0.1330E-01   0.1810E-01
00000504   0.1560E-01   0.1690E-01
00000505   0.1250E-01   0.1520E-01
00000506   0.1220E-01   0.1650E-01
00000507   0.6100E-02   0.1000E-01
00000508   0.2760E-01   0.1510E-01
00000509   0.2850E-01   0.1370E-01
00000510   0.2980E-01   0.1630E-01
00000511   0.1390E-01   0.1650E-01
00000512   0.1050E-01   0.1820E-01
00000513   0.9300E-02   0.1880E-01
00000514   0.8200E-02   0.1950E-01
00000515   0.7000E-02   0.1990E-01
00000516   0.1590E-01   0.1340E-01
00000517   0.3060E-01   0.1500E-01
00000518   0.1400E-02   0.1850E-01
00000519   0.1150E-01   0.2230E-01
00000520   0.8000E-02   0.2940E-01
00000521   0.1000E-01   0.1280E-01
00000522   0.9700E-02   0.1400E-01
00000523   0.3600E-02   0.1710E-01
00000524   0.8800E-02   0.1300E-01
00000525   0.7000E-02   0.1490E-01
00000526   0.8300E-02   0.1590E-01
00000527   0.6700E-02   0.1630E-01
00000528   0.7700E-02   0.1730E-01
00000529   0.9200E-02   0.1730E-01
00000530   0.1890E-01   0.1480E-01
00000531   0.1460E-01   0.2240E-01
00000532   0.7400E-02   0.2220E-01
00000533   0.1970E-01   0.1690E-01
00000534   0.2000E-01   0.1920E-01
00000535   0.1330E-01   0.2640E-01
00000536   0.1310E-01   0.2500E-01
00000537   0.1070E-01   0.1990E-01
00000538   0.1030E-01   0.2180E-01
00000539   0.3800E-02   0.1940E-01
00000540   0.1640E-01   0.2060E-01
00000541   0.1530E-01   0.1980E-01
00000542   0.1640E-01   0.1930E-01
00000543   0.2030E-01   0.1570E-01
00000544   0.5300E-02   0.8500E-02
00000545   0.2880E-01   0.2010E-01
00000546   0.2750E-01   0.1980E-01
00000547   0.2840E-01   0.1870E-01
00000548   0.3110E-01   0.1950E-01
00000549   0.3120E-01   0.2150E-01
00000550   0.2990E-01   0.1880E-01
00000551   0.3140E-01   0.1630E-01
00000552   0.1080E-01   0.2580E-01
00000553   0.1600E-01   0.2760E-01
00000554   0.1600E-01   0.3060E-01
00000555   0.1490E-01   0.3080E-01
00000556   0.1320E-01   0.2870E-01
00000557   0.1190E-01   0.7300E-02
00000558   0.8800E-02   0.1010E-01
00000559   0.2270E-01   0.1540E-01
00000560   0.1410E-01   0.2100E-02
00000561   0.2610E-01   0.1020E-01
00000562   0.1650E-01   0.3200E-02
00000563   0.2080E-01   0.3100E-02
00000564   0.8300E-02   0.2570E-01
00000565   0.2620E-01   0.1940E-01
00000566   0.2990E-01   0.1390E-01
00000567   0.2470E-01   0.2310E-01
00000568   0.2060E-01   0.2530E-01
00000569   0.7200E-02   0.1860E-01
00000570   0.1920E-01   0.2060E-01
00000571   0.2710E-01   0.1830E-01
00000572   0.2940E-01   0.2170E-01
00000573   0.1480E-01   0.2790E-01
00000574   0.1570E-01   0.3170E-01
00000575   0.3140E-01   0.1380E-01
00000576   0.3390E-01   0.1880E-01
00000577   0.2440E-01   0.7300E-02
00000578   0.2290E-01   0.2690E-01
00000579   0.1480E-01   0.6500E-02
00000580   0.2700E-01   0.2240E-01
00000581   0.2000E-01   0.3200E-01
00000582   0.1510E-01   0.1430E-01
00000583   0.1500E-01   0.1560E-01
00000584   0.1380E-01   0.1470E-01
00000585   0.7000E-02   0.2100E-01
00000586   0.1990E-01   0.1790E-01
00000587   0.8800E-02   0.2210E-01
00000588   0.1210E-01   0.2620E-01
00000589   0.1410E-01   0.2970E-01
00000590   0.3040E-01   0.2280E-01
00000591   0.1040E-01   0.6700E-02
00000592   0.1630E-01   0.1480E-01
00000593   0.1570E-01   0.2940E-01
00000594   0.8000E-02   0.2080E-01
00000595   0.9300E-02   0.2050E-01
00000596   0.3390E-01   0.3330E-01
00000597   0.3190E-01   0.3390E-01
00000598   0.3420E-01   0.3020E-01
00000599   0.3310E-01   0.2610E-01
00000600   0.3200E-01   0.2590E-01
00000601   0.3150E-01   0.2480E-01
00000602   0.2390E-01   0.2990E-01
00000603   0.2830E-01   0.2620E-01
00000604   0.3340E-01   0.1200E-02
00000605   0.3390E-01   0.3100E-02
00000606   0.2510E-01   0.3300E-02
00000607   0.2370E-01   0.1620E-01
00000608   0.1820E-01   0.1050E-01
00000609   0.9000E-03   0.1520E-01
00000610   0.4400E-02   0.1140E-01
00000611   0.4600E-02   0.2450E-01
00000612   0.1160E-01   0.3040E-01
00000613   0.3060E-01   0.3370E-01
00000614   0.3210E-01   0.3140E-01
00000615   0.1600E-02   0.7400E-02
00000616   0.1000E-01   0.1050E-01
00000617   0.9300E-02   0.3500E-02
00000618   0.2230E-01   0.9600E-02
00000619   0.1720E-01   0.1030E-01
00000620   0.2860E-01   0.1160E-01
00000621   0.3380E-01   0.4400E-02
00000622   0.2990E-01   0.1100E-02
00000623   0.3110E-01   0.5500E-02
00000624   0.1470E-01   0.1000E-01
00000625   0.2930E-01   0.5300E-02
00000626   0.1300E-02   0.6200E-02
00000627   0.4200E-02   0.6200E-02
00000628   0.6400E-02   0.3300E-01
00000629   0.2400E-02   0.3200E-01
00000630   0.3340E-01   0.2770E-01
00000631   0.3420E-01   0.2470E-01
00000632   0.3390E-01   0.2570E-01
00000633   0.2170E-01   0.2080E-01
00000634   0.2470E-01   0.3220E-01
00000635   0.2290E-01   0.3380E-01
00000636   0.2220E-01   0.3190E-01
00000637   0.1980E-01   0.3080E-01
00000638   0.2220E-01   0.3020E-01
00000639   0.1970E-01   0.2650E-01
00000640   0.2610E-01   0.3300E-02
00000641   0.2770E-01   0.1600E-02
00000642   0.2570E-01   0.1000E-02
00000643   0.3370E-01   0.7900E-02
00000644   0.3420E-01   0.9100E-02
00000645   0.2530E-01   0.2040E-01
00000646   0.2100E-01   0.1350E-01
00000647   0.2270E-01   0.1640E-01
00000648   0.2160E-01   0.1470E-01
00000649   0.2640E-01   0.1230E-01
00000650   0.2170E-01   0.9000E-03
00000651   0.2460E-01   0.1820E-01
00000652   0.2100E-01   0.1050E-01
00000653   0.2210E-01   0.7800E-02
00000654   0.3200E-01   0.8000E-02
00000655   0.3170E-01   0.9600E-02
00000656   0.3280E-01   0.1040E-01
00000657   0.3390E-01   0.1120E-01
00000658   0.1910E-01   0.8400E-02
00000659   0.1760E-01   0.3700E-02
00000660   0.1970E-01   0.7000E-02
00000661   0.1880E-01   0.1120E-01
00000662   0.1350E-01   0.9500E-02
00000663   0.1190E-01   0.1280E-01
00000664   0.7800E-02   0.5600E-02
00000665   0.1130E-01   0.4700E-02
00000666   0.2930E-01   0.2630E-01
00000667   0.3300E-02   0.9600E-02
00000668   0.2470E-01   0.1700E-01
00000669   0.2850E-01   0.1640E-01
00000670   0.2960E-01   0.1180E-01
00000671   0.2750E-01   0.1350E-01
00000672   0.2880E-01   0.2380E-01
00000673   0.2300E-01   0.2120E-01
00000674   0.2340E-01   0.2510E-01
00000675   0.2080E-01   0.2270E-01
00000676   0.1000E-02   0.1740E-01
00000677   0.1100E-02   0.1980E-01
00000678   0.9400E-02   0.3160E-01
00000679   0.3500E-02   0.3180E-01
00000680   0.7100E-02   0.3040E-01
00000681   0.4700E-02   0.2360E-01
00000682   0.4500E-02   0.2260E-01
00000683   0.1680E-01   0.1700E-01
00000684   0.1870E-01   0.1950E-01
00000685   0.1030E-01   0.2880E-01
00000686   0.2620E-01   0.3390E-01
00000687   0.4600E-02   0.1780E-01
00000688   0.3000E-02   0.1840E-01
00000689   0.1810E-01   0.2280E-01
00000690   0.2080E-01   0.1700E-01
00000691   0.1590E-01   0.3400E-01
00000692   0.2720E-01   0.1690E-01
00000693   0.2790E-01   0.2130E-01
00000694   0.1730E-01   0.2860E-01
00000695   0.2710E-01   0.7000E-02
00000696   0.3030E-01   0.6000E-02
00000697   0.3050E-01   0.7300E-02
00000698   0.9100E-02   0.1000E-02
00000699   0.5700E-02   0.7400E-02
00000700   0.9100E-02   0.7400E-02
00000701   0.7100E-02   0.4800E-02
00000702   0.4200E-02   0.7300E-02
00000703   0.1390E-01   0.3250E-01
00000704   0.3000E-02   0.4200E-02
00000705   0.3100E-02   0.3100E-02
00000706   0.1250E-01   0.2760E-01
00000707   0.4500E-02   0.3390E-01
00000708   0.1800E-02   0.2890E-01
00000709   0.1390E-01   0.9000E-03
00000710   0.2450E-01   0.8600E-02
00000711   0.2570E-01   0.2520E-01
00000712   0.1330E-01   0.1060E-01
00000713   0.7400E-02   0.3290E-01
00000714   0.2080E-01   0.3030E-01
00000715   0.2110E-01   0.3240E-01
00000716   0.1680E-01   0.8700E-02
00000717   0.3130E-01   0.4400E-02
00000718   0.2070E-01   0.2150E-01
00000719   0.2140E-01   0.1950E-01
00000720   0.2010E-01   0.2780E-01
00000721   0.1430E-01   0.2670E-01
00000722   0.2420E-01   0.2760E-01
00000723   0.2610E-01   0.2620E-01
00000724   0.2950E-01   0.2810E-01
00000725   0.3150E-01   0.2030E-01
00000726   0.2390E-01   0.1170E-01
00000727   0.2470E-01   0.1310E-01
00000728   0.2520E-01   0.1500E-01
00000729   0.2550E-01   0.2750E-01
00000730   0.2950E-01   0.7800E-02
00000731   0.2200E-01   0.1730E-01
00000732   0.2240E-01   0.1870E-01
00000733   0.1730E-01   0.5700E-02
00000734   0.2270E-01   0.5000E-02
00000735   0.2130E-01   0.4700E-02
00000736   0.1100E-01   0.1250E-01
00000737   0.5700E-02   0.2800E-02
00000738   0.2300E-02   0.1700E-01
00000739   0.1240E-01   0.9600E-02
00000740   0.1230E-01   0.1070E-01
00000741   0.1120E-01   0.1030E-01
00000742   0.1680E-01   0.1250E-01
00000743   0.1660E-01   0.1600E-01
00000744   0.2610E-01   0.1610E-01
00000745   0.2910E-01   0.1290E-01
00000746   0.1170E-01   0.2100E-01
00000747   0.1150E-01   0.1880E-01
00000748   0.1440E-01   0.1320E-01
00000749   0.3100E-02   0.2040E-01
00000750   0.1210E-01   0.1970E-01
00000751   0.7500E-02   0.2840E-01
00000752   0.2400E-02   0.1960E-01
00000753   0.4500E-02   0.1630E-01
00000754   0.3400E-02   0.1580E-01
00000755   0.8300E-02   0.1830E-01
00000756   0.1890E-01   0.1610E-01
00000757   0.1880E-01   0.1840E-01
00000758   0.1110E-01   0.2770E-01
00000759   0.4600E-02   0.2060E-01
00000760   0.1420E-01   0.1920E-01
00000761   0.3020E-01   0.2040E-01
00000762   0.1730E-01   0.2720E-01
00000763   0.2280E-01   0.1440E-01
00000764   0.7300E-02   0.2500E-01
00000765   0.2910E-01   0.1510E-01
00000766   0.2340E-01   0.2270E-01
00000767   0.3190E-01   0.1490E-01
00000768   0.1880E-01   0.1730E-01
00000769   0.2930E-01   0.2300E-01
00000770   0.1040E-01   0.8000E-02
TRIANGLE    1422
00000001   00000292   00000090   00000089
00000002   00000117   00000089   00000088
00000003   00000168   00000116   00000115
00000004   00000117   00000088   00000087
00000005   00000157   00000091   00000090
00000006   00000168   00000115   00000167
00000007   00000033   00000002   00000032
00000008   00000596   00000119   00000034
00000009   00000596   00000034   00000033
00000010   00000118   00000032   00000031
00000011   00000596   00000033   00000032
00000012   00000597   00000118   00000031
00000013   00000119   00000035   00000034
00000014   00000597   00000031   00000030
00000015   00000598   00000036   00000035
00000016   00000598   00000119   00000121
00000017   00000613   00000597   00000030
00000018   00000598   00000035   00000119
00000019   00000598   00000169   00000037
00000020   00000614   00000121   00000119
00000021   00000172   00000124   00000122
00000022   00000169   00000038   00000037
00000023   00000169   00000121   00000123
00000024   00000599   00000174   00000173
00000025   00000176   00000123   00000121
00000026   00000171   00000027   00000026
00000027   00000600   00000599   00000173
00000028   00000600   00000173   00000125
00000029   00000181   00000128   00000126
00000030   00000184   00000042   00000041
00000031   00000600   00000125   00000127
00000032   00000614   00000119   00000170
00000033   00000635   00000188   00000180
00000034   00000601   00000127   00000129
00000035   00000181   00000126   00000178
00000036   00000631   00000184   00000041
00000037   00000184   00000177   00000183
00000038   00000602   00000128   00000181
00000039   00000603   00000429   00000278
00000040   00000676   00000518   00000103
00000041   00000061   00000003   00000060
00000042   00000604   00000137   00000062
00000043   00000604   00000062   00000061
00000044   00000136   00000060   00000059
00000045   00000604   00000061   00000060
00000046   00000605   00000136   00000059
00000047   00000137   00000063   00000062
00000048   00000605   00000059   00000058
00000049   00000622   00000064   00000063
00000050   00000621   00000605   00000058
00000051   00000139   00000063   00000137
00000052   00000214   00000067   00000066
00000053   00000641   00000214   00000066
00000054   00000215   00000066   00000065
00000055   00000213   00000141   00000143
00000056   00000218   00000142   00000140
00000057   00000606   00000145   00000219
00000058   00000643   00000217   00000055
00000059   00000219   00000145   00000134
00000060   00000647   00000607   00000133
00000061   00000606   00000220   00000216
00000062   00000576   00000419   00000046
00000063   00000421   00000420   00000227
00000064   00000643   00000055   00000054
00000065   00000242   00000053   00000052
00000066   00000231   00000221   00000220
00000067   00000608   00000255   00000233
00000068   00000256   00000231   00000220
00000069   00000609   00000212   00000101
00000070   00000619   00000260   00000245
00000071   00000609   00000101   00000100
00000072   00000423   00000251   00000250
00000073   00000258   00000100   00000099
00000074   00000560   00000423   00000250
00000075   00000610   00000276   00000147
00000076   00000459   00000204   00000126
00000077   00000272   00000249   00000248
00000078   00000610   00000147   00000130
00000079   00000279   00000272   00000248
00000080   00000275   00000271   00000259
00000081   00000657   00000242   00000052
00000082   00000279   00000248   00000247
00000083   00000089   00000004   00000088
00000084   00000274   00000098   00000097
00000085   00000275   00000259   00000274
00000086   00000289   00000117   00000087
00000087   00000615   00000288   00000287
00000088   00000702   00000288   00000152
00000089   00000289   00000087   00000086
00000090   00000282   00000280   00000279
00000091   00000294   00000285   00000050
00000092   00000292   00000089   00000117
00000093   00000293   00000157   00000155
00000094   00000726   00000426   00000229
00000095   00000287   00000095   00000094
00000096   00000196   00000020   00000019
00000097   00000307   00000306   00000193
00000098   00000674   00000427   00000304
00000099   00000309   00000107   00000106
00000100   00000116   00000005   00000001
00000101   00000311   00000310   00000308
00000102   00000612   00000315   00000158
00000103   00000318   00000109   00000108
00000104   00000313   00000014   00000013
00000105   00000611   00000154   00000159
00000106   00000612   00000158   00000151
00000107   00000428   00000318   00000108
00000108   00000319   00000313   00000013
00000109   00000319   00000013   00000012
00000110   00000708   00000321   00000320
00000111   00000323   00000011   00000010
00000112   00000321   00000112   00000111
00000113   00000324   00000114   00000113
00000114   00000629   00000168   00000167
00000115   00000282   00000279   00000281
00000116   00000591   00000326   00000148
00000117   00000327   00000165   00000163
00000118   00000167   00000115   00000114
00000119   00000329   00000159   00000154
00000120   00000415   00000330   00000331
00000121   00000206   00000186   00000185
00000122   00000338   00000028   00000171
00000123   00000613   00000030   00000029
00000124   00000613   00000338   00000122
00000125   00000614   00000176   00000121
00000126   00000614   00000175   00000176
00000127   00000207   00000185   00000124
00000128   00000428   00000311   00000318
00000129   00000635   00000180   00000024
00000130   00000615   00000152   00000288
00000131   00000171   00000028   00000027
00000132   00000192   00000191   00000183
00000133   00000338   00000029   00000028
00000134   00000603   00000205   00000277
00000135   00000284   00000274   00000097
00000136   00000187   00000125   00000123
00000137   00000741   00000616   00000430
00000138   00000634   00000181   00000178
00000139   00000619   00000608   00000132
00000140   00000431   00000323   00000010
00000141   00000741   00000740   00000264
00000142   00000617   00000290   00000282
00000143   00000617   00000282   00000281
00000144   00000652   00000618   00000228
00000145   00000192   00000183   00000182
00000146   00000427   00000305   00000304
00000147   00000670   00000135   00000286
00000148   00000432   00000196   00000197
00000149   00000557   00000131   00000433
00000150   00000661   00000608   00000233
00000151   00000294   00000050   00000049
00000152   00000670   00000620   00000135
00000153   00000622   00000063   00000139
00000154   00000294   00000291   00000285
00000155   00000396   00000056   00000217
00000156   00000435   00000139   00000137
00000157   00000435   00000137   00000397
00000158   00000621   00000058   00000057
00000159   00000621   00000396   00000140
00000160   00000435   00000397   00000138
00000161   00000622   00000215   00000065
00000162   00000217   00000056   00000055
00000163   00000435   00000399   00000139
00000164   00000717   00000623   00000398
00000165   00000624   00000245   00000261
00000166   00000396   00000057   00000056
00000167   00000717   00000140   00000623
00000168   00000436   00000403   00000400
00000169   00000215   00000139   00000141
00000170   00000695   00000436   00000238
00000171   00000399   00000141   00000139
00000172   00000696   00000625   00000398
00000173   00000261   00000245   00000260
00000174   00000384   00000197   00000196
00000175   00000405   00000084   00000083
00000176   00000615   00000287   00000094
00000177   00000290   00000283   00000282
00000178   00000616   00000265   00000266
00000179   00000557   00000497   00000498
00000180   00000626   00000155   00000152
00000181   00000437   00000153   00000404
00000182   00000438   00000325   00000407
00000183   00000322   00000162   00000160
00000184   00000410   00000390   00000016
00000185   00000407   00000325   00000377
00000186   00000413   00000289   00000086
00000187   00000626   00000152   00000615
00000188   00000413   00000086   00000085
00000189   00000367   00000309   00000106
00000190   00000764   00000440   00000365
00000191   00000627   00000439   00000411
00000192   00000737   00000413   00000405
00000193   00000293   00000093   00000092
00000194   00000627   00000411   00000409
00000195   00000439   00000152   00000155
00000196   00000413   00000085   00000084
00000197   00000415   00000337   00000335
00000198   00000628   00000431   00000417
00000199   00000440   00000329   00000154
00000200   00000628   00000417   00000164
00000201   00000376   00000314   00000312
00000202   00000428   00000108   00000107
00000203   00000320   00000161   00000163
00000204   00000492   00000365   00000364
00000205   00000166   00000007   00000006
00000206   00000418   00000324   00000113
00000207   00000431   00000010   00000009
00000208   00000443   00000354   00000355
00000209   00000418   00000113   00000112
00000210   00000336   00000335   00000327
00000211   00000417   00000009   00000008
00000212   00000707   00000008   00000007
00000213   00000336   00000327   00000163
00000214   00000708   00000320   00000163
00000215   00000168   00000166   00000006
00000216   00000629   00000166   00000168
00000217   00000168   00000006   00000005
00000218   00000168   00000005   00000116
00000219   00000632   00000040   00000039
00000220   00000174   00000039   00000038
00000221   00000596   00000032   00000118
00000222   00000613   00000122   00000120
00000223   00000694   00000200   00000199
00000224   00000602   00000181   00000189
00000225   00000686   00000366   00000171
00000226   00000178   00000126   00000124
00000227   00000630   00000169   00000123
00000228   00000173   00000123   00000125
00000229   00000630   00000123   00000173
00000230   00000630   00000174   00000038
00000231   00000175   00000120   00000122
00000232   00000187   00000123   00000176
00000233   00000185   00000175   00000122
00000234   00000185   00000122   00000124
00000235   00000631   00000177   00000184
00000236   00000601   00000129   00000182
00000237   00000366   00000178   00000124
00000238   00000180   00000025   00000024
00000239   00000366   00000124   00000172
00000240   00000366   00000179   00000178
00000241   00000366   00000172   00000171
00000242   00000686   00000171   00000026
00000243   00000634   00000178   00000179
00000244   00000691   00000384   00000018
00000245   00000444   00000045   00000044
00000246   00000465   00000294   00000049
00000247   00000549   00000232   00000191
00000248   00000601   00000177   00000600
00000249   00000191   00000184   00000183
00000250   00000184   00000043   00000042
00000251   00000187   00000176   00000186
00000252   00000207   00000124   00000126
00000253   00000186   00000176   00000175
00000254   00000186   00000175   00000185
00000255   00000719   00000633   00000296
00000256   00000207   00000206   00000185
00000257   00000634   00000189   00000181
00000258   00000634   00000188   00000189
00000259   00000635   00000024   00000023
00000260   00000635   00000190   00000188
00000261   00000636   00000189   00000188
00000262   00000432   00000190   00000022
00000263   00000449   00000444   00000044
00000264   00000449   00000044   00000043
00000265   00000590   00000192   00000182
00000266   00000645   00000448   00000447
00000267   00000432   00000022   00000021
00000268   00000020   00000196   00000432
00000269   00000376   00000313   00000314
00000270   00000724   00000206   00000205
00000271   00000387   00000199   00000386
00000272   00000694   00000199   00000387
00000273   00000384   00000196   00000019
00000274   00000384   00000019   00000018
00000275   00000636   00000188   00000190
00000276   00000020   00000432   00000021
00000277   00000454   00000195   00000638
00000278   00000637   00000451   00000581
00000279   00000637   00000198   00000199
00000280   00000762   00000455   00000202
00000281   00000456   00000360   00000359
00000282   00000195   00000602   00000638
00000283   00000639   00000202   00000193
00000284   00000457   00000455   00000389
00000285   00000639   00000201   00000202
00000286   00000307   00000203   00000146
00000287   00000203   00000193   00000202
00000288   00000429   00000300   00000278
00000289   00000459   00000126   00000128
00000290   00000603   00000277   00000429
00000291   00000460   00000127   00000125
00000292   00000460   00000125   00000187
00000293   00000638   00000602   00000189
00000294   00000207   00000126   00000204
00000295   00000207   00000204   00000206
00000296   00000624   00000261   00000262
00000297   00000274   00000258   00000099
00000298   00000457   00000389   00000456
00000299   00000347   00000268   00000267
00000300   00000274   00000099   00000098
00000301   00000441   00000361   00000362
00000302   00000212   00000102   00000101
00000303   00000320   00000317   00000316
00000304   00000428   00000107   00000309
00000305   00000367   00000106   00000105
00000306   00000642   00000068   00000067
00000307   00000606   00000219   00000220
00000308   00000640   00000606   00000216
00000309   00000216   00000214   00000213
00000310   00000641   00000066   00000215
00000311   00000641   00000215   00000141
00000312   00000650   00000257   00000072
00000313   00000642   00000067   00000214
00000314   00000394   00000286   00000243
00000315   00000697   00000654   00000144
00000316   00000644   00000242   00000241
00000317   00000644   00000241   00000643
00000318   00000650   00000072   00000071
00000319   00000231   00000070   00000221
00000320   00000221   00000069   00000068
00000321   00000642   00000214   00000216
00000322   00000221   00000070   00000069
00000323   00000221   00000216   00000220
00000324   00000645   00000447   00000297
00000325   00000291   00000243   00000244
00000326   00000449   00000043   00000184
00000327   00000449   00000184   00000191
00000328   00000465   00000049   00000048
00000329   00000645   00000450   00000448
00000330   00000429   00000301   00000300
00000331   00000646   00000226   00000421
00000332   00000468   00000347   00000346
00000333   00000695   00000238   00000237
00000334   00000647   00000225   00000559
00000335   00000646   00000421   00000467
00000336   00000402   00000237   00000236
00000337   00000646   00000467   00000472
00000338   00000472   00000467   00000469
00000339   00000734   00000473   00000235
00000340   00000649   00000230   00000222
00000341   00000671   00000649   00000222
00000342   00000256   00000220   00000219
00000343   00000650   00000071   00000070
00000344   00000651   00000378   00000297
00000345   00000459   00000128   00000458
00000346   00000734   00000134   00000473
00000347   00000665   00000279   00000247
00000348   00000652   00000227   00000233
00000349   00000652   00000233   00000234
00000350   00000273   00000079   00000078
00000351   00000560   00000250   00000249
00000352   00000476   00000395   00000240
00000353   00000236   00000134   00000145
00000354   00000653   00000235   00000424
00000355   00000473   00000134   00000236
00000356   00000618   00000426   00000228
00000357   00000473   00000424   00000235
00000358   00000476   00000240   00000239
00000359   00000561   00000239   00000230
00000360   00000620   00000222   00000230
00000361   00000240   00000230   00000239
00000362   00000644   00000053   00000242
00000363   00000654   00000142   00000218
00000364   00000656   00000244   00000243
00000365   00000395   00000135   00000240
00000366   00000657   00000052   00000051
00000367   00000656   00000655   00000241
00000368   00000657   00000656   00000242
00000369   00000395   00000286   00000135
00000370   00000567   00000450   00000301
00000371   00000709   00000273   00000078
00000372   00000486   00000478   00000252
00000373   00000658   00000255   00000254
00000374   00000624   00000479   00000245
00000375   00000482   00000249   00000250
00000376   00000562   00000250   00000251
00000377   00000433   00000131   00000247
00000378   00000562   00000251   00000252
00000379   00000733   00000483   00000254
00000380   00000653   00000485   00000235
00000381   00000659   00000253   00000481
00000382   00000478   00000074   00000073
00000383   00000251   00000076   00000075
00000384   00000486   00000074   00000478
00000385   00000486   00000252   00000251
00000386   00000660   00000485   00000234
00000387   00000478   00000073   00000072
00000388   00000433   00000247   00000248
00000389   00000659   00000562   00000252
00000390   00000658   00000234   00000233
00000391   00000479   00000246   00000434
00000392   00000478   00000072   00000257
00000393   00000658   00000233   00000255
00000394   00000563   00000478   00000257
00000395   00000563   00000257   00000231
00000396   00000259   00000209   00000210
00000397   00000609   00000100   00000258
00000398   00000259   00000210   00000211
00000399   00000259   00000211   00000258
00000400   00000564   00000365   00000492
00000401   00000661   00000233   00000227
00000402   00000726   00000228   00000426
00000403   00000493   00000351   00000350
00000404   00000495   00000412   00000411
00000405   00000468   00000346   00000208
00000406   00000496   00000346   00000345
00000407   00000557   00000433   00000434
00000408   00000558   00000270   00000430
00000409   00000624   00000246   00000479
00000410   00000493   00000350   00000349
00000411   00000557   00000434   00000497
00000412   00000663   00000499   00000494
00000413   00000663   00000264   00000263
00000414   00000743   00000592   00000373
00000415   00000748   00000499   00000263
00000416   00000558   00000266   00000267
00000417   00000507   00000269   00000268
00000418   00000507   00000268   00000130
00000419   00000269   00000267   00000268
00000420   00000664   00000438   00000408
00000421   00000701   00000412   00000153
00000422   00000271   00000208   00000209
00000423   00000271   00000209   00000259
00000424   00000423   00000077   00000076
00000425   00000423   00000076   00000251
00000426   00000665   00000247   00000131
00000427   00000406   00000083   00000082
00000428   00000610   00000130   00000208
00000429   00000274   00000259   00000258
00000430   00000284   00000097   00000096
00000431   00000284   00000276   00000275
00000432   00000667   00000149   00000147
00000433   00000276   00000271   00000275
00000434   00000277   00000206   00000204
00000435   00000277   00000205   00000206
00000436   00000278   00000129   00000127
00000437   00000666   00000460   00000205
00000438   00000617   00000437   00000290
00000439   00000283   00000080   00000079
00000440   00000280   00000273   00000272
00000441   00000280   00000272   00000279
00000442   00000665   00000131   00000148
00000443   00000617   00000150   00000437
00000444   00000283   00000079   00000273
00000445   00000283   00000273   00000280
00000446   00000283   00000081   00000080
00000447   00000283   00000280   00000282
00000448   00000288   00000284   00000287
00000449   00000284   00000275   00000274
00000450   00000657   00000244   00000656
00000451   00000285   00000051   00000050
00000452   00000671   00000223   00000649
00000453   00000466   00000419   00000381
00000454   00000287   00000284   00000096
00000455   00000287   00000096   00000095
00000456   00000667   00000147   00000276
00000457   00000667   00000288   00000149
00000458   00000292   00000157   00000090
00000459   00000705   00000289   00000156
00000460   00000698   00000406   00000082
00000461   00000698   00000082   00000081
00000462   00000394   00000243   00000291
00000463   00000291   00000244   00000285
00000464   00000705   00000292   00000289
00000465   00000292   00000117   00000289
00000466   00000293   00000092   00000091
00000467   00000293   00000091   00000157
00000468   00000668   00000651   00000133
00000469   00000692   00000669   00000379
00000470   00000506   00000352   00000351
00000471   00000492   00000364   00000363
00000472   00000515   00000341   00000342
00000473   00000506   00000351   00000493
00000474   00000745   00000222   00000620
00000475   00000671   00000509   00000508
00000476   00000565   00000546   00000298
00000477   00000549   00000191   00000192
00000478   00000765   00000566   00000517
00000479   00000466   00000381   00000465
00000480   00000672   00000300   00000299
00000481   00000672   00000129   00000278
00000482   00000567   00000301   00000302
00000483   00000580   00000299   00000300
00000484   00000766   00000673   00000448
00000485   00000568   00000427   00000194
00000486   00000639   00000568   00000194
00000487   00000674   00000304   00000303
00000488   00000307   00000193   00000203
00000489   00000673   00000445   00000633
00000490   00000766   00000445   00000673
00000491   00000675   00000445   00000305
00000492   00000568   00000305   00000427
00000493   00000675   00000306   00000295
00000494   00000689   00000307   00000146
00000495   00000307   00000295   00000306
00000496   00000496   00000210   00000209
00000497   00000676   00000103   00000102
00000498   00000496   00000209   00000346
00000499   00000468   00000208   00000130
00000500   00000677   00000104   00000518
00000501   00000512   00000351   00000352
00000502   00000320   00000316   00000161
00000503   00000316   00000311   00000308
00000504   00000410   00000016   00000015
00000505   00000385   00000198   00000197
00000506   00000385   00000197   00000384
00000507   00000313   00000015   00000014
00000508   00000319   00000315   00000314
00000509   00000431   00000009   00000417
00000510   00000678   00000160   00000158
00000511   00000315   00000312   00000314
00000512   00000611   00000316   00000308
00000513   00000316   00000159   00000161
00000514   00000418   00000165   00000324
00000515   00000317   00000311   00000316
00000516   00000318   00000110   00000109
00000517   00000318   00000311   00000317
00000518   00000319   00000314   00000313
00000519   00000323   00000322   00000319
00000520   00000321   00000318   00000317
00000521   00000321   00000317   00000320
00000522   00000321   00000111   00000110
00000523   00000321   00000110   00000318
00000524   00000678   00000158   00000315
00000525   00000678   00000322   00000160
00000526   00000323   00000319   00000012
00000527   00000323   00000012   00000011
00000528   00000324   00000167   00000114
00000529   00000629   00000324   00000165
00000530   00000377   00000325   00000269
00000531   00000558   00000267   00000269
00000532   00000326   00000150   00000148
00000533   00000701   00000664   00000408
00000534   00000335   00000334   00000328
00000535   00000629   00000167   00000324
00000536   00000679   00000166   00000629
00000537   00000679   00000328   00000164
00000538   00000334   00000162   00000164
00000539   00000334   00000164   00000328
00000540   00000336   00000163   00000161
00000541   00000416   00000159   00000329
00000542   00000415   00000335   00000336
00000543   00000461   00000443   00000355
00000544   00000564   00000492   00000491
00000545   00000685   00000151   00000158
00000546   00000333   00000158   00000160
00000547   00000680   00000334   00000337
00000548   00000680   00000160   00000162
00000549   00000335   00000328   00000327
00000550   00000520   00000333   00000160
00000551   00000680   00000162   00000334
00000552   00000416   00000329   00000330
00000553   00000416   00000415   00000336
00000554   00000416   00000336   00000161
00000555   00000337   00000334   00000335
00000556   00000338   00000172   00000122
00000557   00000338   00000171   00000172
00000558   00000611   00000159   00000316
00000559   00000677   00000367   00000105
00000560   00000340   00000682   00000759
00000561   00000682   00000340   00000339
00000562   00000367   00000310   00000309
00000563   00000753   00000496   00000345
00000564   00000368   00000308   00000310
00000565   00000682   00000339   00000681
00000566   00000368   00000310   00000367
00000567   00000683   00000501   00000504
00000568   00000753   00000345   00000344
00000569   00000738   00000212   00000211
00000570   00000522   00000493   00000349
00000571   00000346   00000209   00000208
00000572   00000522   00000349   00000348
00000573   00000504   00000501   00000502
00000574   00000524   00000522   00000348
00000575   00000441   00000362   00000363
00000576   00000525   00000345   00000346
00000577   00000525   00000346   00000347
00000578   00000525   00000347   00000348
00000579   00000527   00000525   00000526
00000580   00000755   00000569   00000528
00000581   00000527   00000343   00000344
00000582   00000526   00000349   00000350
00000583   00000528   00000343   00000527
00000584   00000564   00000491   00000331
00000585   00000530   00000422   00000226
00000586   00000503   00000353   00000352
00000587   00000461   00000442   00000443
00000588   00000531   00000461   00000356
00000589   00000440   00000154   00000339
00000590   00000505   00000493   00000494
00000591   00000683   00000500   00000372
00000592   00000684   00000370   00000371
00000593   00000719   00000446   00000633
00000594   00000570   00000534   00000296
00000595   00000359   00000357   00000358
00000596   00000675   00000305   00000306
00000597   00000369   00000358   00000357
00000598   00000457   00000203   00000455
00000599   00000457   00000359   00000358
00000600   00000457   00000358   00000146
00000601   00000529   00000350   00000351
00000602   00000529   00000351   00000512
00000603   00000531   00000356   00000357
00000604   00000536   00000362   00000361
00000605   00000414   00000333   00000332
00000606   00000685   00000158   00000333
00000607   00000491   00000414   00000332
00000608   00000531   00000462   00000461
00000609   00000461   00000355   00000356
00000610   00000537   00000513   00000512
00000611   00000569   00000343   00000528
00000612   00000686   00000026   00000025
00000613   00000686   00000025   00000180
00000614   00000518   00000104   00000103
00000615   00000687   00000344   00000343
00000616   00000687   00000343   00000342
00000617   00000687   00000342   00000539
00000618   00000689   00000295   00000307
00000619   00000689   00000369   00000295
00000620   00000540   00000370   00000369
00000621   00000540   00000369   00000357
00000622   00000505   00000494   00000499
00000623   00000540   00000357   00000356
00000624   00000506   00000493   00000505
00000625   00000542   00000501   00000371
00000626   00000768   00000756   00000533
00000627   00000690   00000586   00000533
00000628   00000511   00000504   00000502
00000629   00000742   00000260   00000132
00000630   00000742   00000132   00000375
00000631   00000742   00000375   00000374
00000632   00000691   00000018   00000017
00000633   00000410   00000015   00000313
00000634   00000507   00000130   00000147
00000635   00000544   00000147   00000149
00000636   00000692   00000508   00000669
00000637   00000693   00000546   00000545
00000638   00000645   00000298   00000450
00000639   00000693   00000298   00000546
00000640   00000565   00000297   00000378
00000641   00000590   00000182   00000129
00000642   00000590   00000572   00000549
00000643   00000466   00000465   00000048
00000644   00000419   00000047   00000046
00000645   00000551   00000382   00000380
00000646   00000669   00000510   00000383
00000647   00000550   00000383   00000380
00000648   00000691   00000017   00000016
00000649   00000691   00000016   00000390
00000650   00000574   00000554   00000386
00000651   00000491   00000332   00000331
00000652   00000386   00000199   00000198
00000653   00000386   00000198   00000385
00000654   00000721   00000535   00000456
00000655   00000410   00000313   00000376
00000656   00000703   00000392   00000391
00000657   00000392   00000376   00000312
00000658   00000455   00000203   00000202
00000659   00000762   00000202   00000201
00000660   00000573   00000389   00000553
00000661   00000574   00000386   00000385
00000662   00000555   00000391   00000392
00000663   00000554   00000387   00000386
00000664   00000612   00000151   00000393
00000665   00000393   00000392   00000312
00000666   00000556   00000393   00000151
00000667   00000574   00000385   00000390
00000668   00000670   00000286   00000394
00000669   00000575   00000394   00000291
00000670   00000655   00000395   00000144
00000671   00000395   00000243   00000286
00000672   00000396   00000218   00000140
00000673   00000396   00000217   00000218
00000674   00000604   00000060   00000136
00000675   00000621   00000140   00000138
00000676   00000695   00000237   00000402
00000677   00000436   00000239   00000238
00000678   00000402   00000236   00000145
00000679   00000625   00000401   00000399
00000680   00000623   00000140   00000142
00000681   00000696   00000400   00000625
00000682   00000401   00000143   00000141
00000683   00000401   00000141   00000399
00000684   00000402   00000145   00000143
00000685   00000402   00000143   00000401
00000686   00000403   00000402   00000401
00000687   00000625   00000399   00000398
00000688   00000698   00000081   00000283
00000689   00000412   00000408   00000411
00000690   00000406   00000405   00000083
00000691   00000737   00000156   00000413
00000692   00000437   00000150   00000153
00000693   00000406   00000404   00000405
00000694   00000699   00000407   00000377
00000695   00000700   00000438   00000326
00000696   00000664   00000150   00000326
00000697   00000699   00000377   00000544
00000698   00000627   00000152   00000439
00000699   00000699   00000409   00000408
00000700   00000703   00000376   00000392
00000701   00000703   00000391   00000390
00000702   00000411   00000408   00000409
00000703   00000705   00000704   00000157
00000704   00000704   00000495   00000439
00000705   00000737   00000405   00000404
00000706   00000413   00000084   00000405
00000707   00000413   00000156   00000289
00000708   00000764   00000329   00000440
00000709   00000706   00000556   00000151
00000710   00000751   00000415   00000331
00000711   00000520   00000332   00000333
00000712   00000416   00000161   00000159
00000713   00000416   00000330   00000415
00000714   00000707   00000007   00000166
00000715   00000707   00000166   00000164
00000716   00000708   00000418   00000112
00000717   00000708   00000112   00000321
00000718   00000464   00000463   00000382
00000719   00000576   00000046   00000045
00000720   00000530   00000373   00000374
00000721   00000420   00000375   00000132
00000722   00000422   00000374   00000375
00000723   00000422   00000375   00000420
00000724   00000422   00000421   00000226
00000725   00000422   00000420   00000421
00000726   00000709   00000078   00000077
00000727   00000560   00000249   00000272
00000728   00000618   00000425   00000426
00000729   00000561   00000475   00000238
00000730   00000710   00000425   00000424
00000731   00000710   00000424   00000577
00000732   00000475   00000237   00000238
00000733   00000561   00000238   00000239
00000734   00000674   00000303   00000302
00000735   00000578   00000194   00000427
00000736   00000428   00000309   00000310
00000737   00000428   00000310   00000311
00000738   00000711   00000474   00000302
00000739   00000711   00000302   00000301
00000740   00000662   00000497   00000246
00000741   00000591   00000148   00000131
00000742   00000628   00000164   00000162
00000743   00000713   00000322   00000323
00000744   00000637   00000199   00000452
00000745   00000715   00000190   00000432
00000746   00000770   00000498   00000430
00000747   00000716   00000245   00000479
00000748   00000716   00000479   00000480
00000749   00000579   00000479   00000434
00000750   00000717   00000435   00000138
00000751   00000717   00000138   00000140
00000752   00000476   00000144   00000395
00000753   00000730   00000476   00000436
00000754   00000437   00000406   00000290
00000755   00000437   00000404   00000406
00000756   00000700   00000270   00000325
00000757   00000438   00000407   00000408
00000758   00000705   00000157   00000292
00000759   00000737   00000404   00000153
00000760   00000532   00000440   00000339
00000761   00000569   00000515   00000342
00000762   00000531   00000357   00000359
00000763   00000532   00000339   00000340
00000764   00000587   00000364   00000365
00000765   00000519   00000441   00000363
00000766   00000747   00000512   00000352
00000767   00000750   00000353   00000354
00000768   00000464   00000382   00000381
00000769   00000463   00000444   00000232
00000770   00000673   00000446   00000447
00000771   00000445   00000304   00000305
00000772   00000570   00000295   00000369
00000773   00000719   00000534   00000477
00000774   00000732   00000447   00000446
00000775   00000651   00000447   00000133
00000776   00000567   00000448   00000450
00000777   00000567   00000302   00000303
00000778   00000449   00000191   00000232
00000779   00000449   00000232   00000444
00000780   00000580   00000300   00000301
00000781   00000580   00000450   00000298
00000782   00000714   00000453   00000638
00000783   00000715   00000581   00000451
00000784   00000639   00000193   00000568
00000785   00000452   00000199   00000200
00000786   00000720   00000639   00000194
00000787   00000720   00000453   00000452
00000788   00000720   00000454   00000453
00000789   00000578   00000454   00000194
00000790   00000574   00000555   00000554
00000791   00000706   00000388   00000556
00000792   00000721   00000456   00000389
00000793   00000536   00000361   00000360
00000794   00000457   00000146   00000203
00000795   00000457   00000456   00000359
00000796   00000729   00000277   00000204
00000797   00000722   00000458   00000195
00000798   00000578   00000195   00000454
00000799   00000711   00000301   00000429
00000800   00000724   00000205   00000460
00000801   00000724   00000460   00000187
00000802   00000462   00000360   00000361
00000803   00000462   00000361   00000441
00000804   00000462   00000441   00000442
00000805   00000462   00000442   00000461
00000806   00000761   00000725   00000549
00000807   00000464   00000381   00000419
00000808   00000576   00000045   00000444
00000809   00000576   00000464   00000419
00000810   00000575   00000291   00000294
00000811   00000510   00000380   00000383
00000812   00000466   00000048   00000047
00000813   00000466   00000047   00000419
00000814   00000467   00000421   00000227
00000815   00000652   00000234   00000618
00000816   00000468   00000130   00000268
00000817   00000468   00000268   00000347
00000818   00000469   00000467   00000228
00000819   00000727   00000470   00000469
00000820   00000727   00000469   00000726
00000821   00000472   00000469   00000470
00000822   00000727   00000229   00000649
00000823   00000728   00000224   00000471
00000824   00000651   00000297   00000447
00000825   00000648   00000559   00000225
00000826   00000710   00000577   00000237
00000827   00000577   00000473   00000236
00000828   00000723   00000711   00000429
00000829   00000723   00000429   00000277
00000830   00000727   00000471   00000470
00000831   00000710   00000237   00000475
00000832   00000697   00000142   00000654
00000833   00000476   00000239   00000436
00000834   00000647   00000559   00000607
00000835   00000719   00000296   00000534
00000836   00000660   00000484   00000485
00000837   00000563   00000231   00000256
00000838   00000716   00000480   00000254
00000839   00000579   00000434   00000433
00000840   00000487   00000248   00000249
00000841   00000487   00000249   00000482
00000842   00000579   00000433   00000487
00000843   00000733   00000253   00000483
00000844   00000733   00000488   00000481
00000845   00000733   00000481   00000253
00000846   00000734   00000256   00000219
00000847   00000659   00000481   00000562
00000848   00000490   00000252   00000478
00000849   00000735   00000563   00000256
00000850   00000734   00000219   00000134
00000851   00000489   00000484   00000483
00000852   00000486   00000251   00000075
00000853   00000486   00000075   00000074
00000854   00000488   00000487   00000482
00000855   00000487   00000433   00000248
00000856   00000488   00000482   00000481
00000857   00000579   00000487   00000488
00000858   00000734   00000235   00000485
00000859   00000735   00000489   00000563
00000860   00000490   00000489   00000483
00000861   00000490   00000483   00000253
00000862   00000536   00000360   00000456
00000863   00000536   00000456   00000535
00000864   00000552   00000492   00000363
00000865   00000552   00000363   00000362
00000866   00000524   00000348   00000347
00000867   00000524   00000347   00000267
00000868   00000663   00000263   00000499
00000869   00000736   00000521   00000265
00000870   00000737   00000153   00000412
00000871   00000495   00000411   00000439
00000872   00000676   00000102   00000212
00000873   00000754   00000211   00000210
00000874   00000662   00000246   00000624
00000875   00000497   00000434   00000246
00000876   00000739   00000498   00000497
00000877   00000741   00000264   00000265
00000878   00000742   00000374   00000516
00000879   00000748   00000263   00000262
00000880   00000530   00000374   00000422
00000881   00000768   00000372   00000500
00000882   00000501   00000372   00000371
00000883   00000542   00000371   00000370
00000884   00000542   00000370   00000540
00000885   00000542   00000540   00000541
00000886   00000760   00000503   00000502
00000887   00000503   00000354   00000353
00000888   00000748   00000584   00000499
00000889   00000683   00000372   00000501
00000890   00000511   00000502   00000503
00000891   00000592   00000582   00000516
00000892   00000592   00000516   00000374
00000893   00000506   00000503   00000352
00000894   00000507   00000377   00000269
00000895   00000699   00000408   00000407
00000896   00000744   00000692   00000378
00000897   00000744   00000224   00000728
00000898   00000551   00000381   00000382
00000899   00000745   00000620   00000670
00000900   00000767   00000551   00000517
00000901   00000575   00000566   00000394
00000902   00000511   00000506   00000505
00000903   00000511   00000503   00000506
00000904   00000746   00000443   00000442
00000905   00000747   00000352   00000353
00000906   00000746   00000442   00000519
00000907   00000538   00000519   00000363
00000908   00000532   00000365   00000440
00000909   00000519   00000442   00000441
00000910   00000594   00000585   00000515
00000911   00000585   00000340   00000341
00000912   00000748   00000262   00000261
00000913   00000584   00000583   00000511
00000914   00000575   00000517   00000566
00000915   00000551   00000465   00000381
00000916   00000759   00000539   00000342
00000917   00000749   00000368   00000367
00000918   00000747   00000537   00000512
00000919   00000585   00000341   00000515
00000920   00000751   00000331   00000332
00000921   00000751   00000332   00000520
00000922   00000677   00000105   00000104
00000923   00000759   00000342   00000341
00000924   00000524   00000267   00000266
00000925   00000521   00000266   00000265
00000926   00000522   00000521   00000494
00000927   00000522   00000494   00000493
00000928   00000753   00000687   00000523
00000929   00000753   00000344   00000687
00000930   00000524   00000266   00000521
00000931   00000524   00000521   00000522
00000932   00000527   00000344   00000345
00000933   00000527   00000345   00000525
00000934   00000526   00000525   00000348
00000935   00000526   00000348   00000349
00000936   00000529   00000512   00000513
00000937   00000529   00000528   00000526
00000938   00000528   00000527   00000526
00000939   00000755   00000514   00000569
00000940   00000529   00000526   00000350
00000941   00000755   00000513   00000514
00000942   00000690   00000477   00000586
00000943   00000756   00000500   00000373
00000944   00000531   00000359   00000360
00000945   00000531   00000360   00000462
00000946   00000538   00000363   00000364
00000947   00000587   00000365   00000532
00000948   00000543   00000530   00000226
00000949   00000756   00000373   00000530
00000950   00000586   00000477   00000534
00000951   00000757   00000586   00000534
00000952   00000552   00000491   00000492
00000953   00000706   00000588   00000535
00000954   00000706   00000535   00000388
00000955   00000758   00000414   00000491
00000956   00000594   00000515   00000514
00000957   00000595   00000594   00000514
00000958   00000585   00000532   00000340
00000959   00000750   00000354   00000443
00000960   00000759   00000341   00000340
00000961   00000682   00000368   00000759
00000962   00000760   00000354   00000503
00000963   00000760   00000541   00000355
00000964   00000541   00000540   00000356
00000965   00000541   00000356   00000355
00000966   00000542   00000541   00000502
00000967   00000542   00000502   00000501
00000968   00000763   00000648   00000472
00000969   00000690   00000543   00000225
00000970   00000544   00000507   00000147
00000971   00000544   00000377   00000507
00000972   00000550   00000380   00000382
00000973   00000725   00000232   00000549
00000974   00000571   00000547   00000546
00000975   00000547   00000379   00000383
00000976   00000548   00000382   00000463
00000977   00000547   00000545   00000546
00000978   00000550   00000382   00000548
00000979   00000550   00000547   00000383
00000980   00000550   00000545   00000547
00000981   00000590   00000549   00000192
00000982   00000761   00000548   00000725
00000983   00000761   00000545   00000550
00000984   00000551   00000380   00000510
00000985   00000551   00000510   00000517
00000986   00000758   00000491   00000552
00000987   00000588   00000536   00000535
00000988   00000762   00000694   00000553
00000989   00000553   00000389   00000455
00000990   00000589   00000555   00000392
00000991   00000694   00000201   00000200
00000992   00000589   00000392   00000393
00000993   00000721   00000389   00000573
00000994   00000593   00000387   00000554
00000995   00000589   00000393   00000556
00000996   00000591   00000131   00000557
00000997   00000770   00000430   00000270
00000998   00000558   00000325   00000270
00000999   00000558   00000269   00000325
00001000   00000763   00000559   00000648
00001001   00000763   00000472   00000470
00001002   00000560   00000272   00000273
00001003   00000709   00000077   00000423
00001004   00000561   00000229   00000426
00001005   00000561   00000426   00000475
00001006   00000562   00000482   00000250
00001007   00000562   00000481   00000482
00001008   00000563   00000490   00000478
00001009   00000563   00000489   00000490
00001010   00000764   00000564   00000330
00001011   00000564   00000331   00000330
00001012   00000571   00000546   00000565
00001013   00000571   00000565   00000378
00001014   00000669   00000383   00000379
00001015   00000765   00000517   00000510
00001016   00000766   00000303   00000304
00001017   00000766   00000304   00000445
00001018   00000568   00000306   00000305
00001019   00000568   00000193   00000306
00001020   00000569   00000342   00000343
00001021   00000569   00000514   00000515
00001022   00000570   00000369   00000370
00001023   00000757   00000534   00000684
00001024   00000744   00000223   00000508
00001025   00000571   00000379   00000547
00001026   00000693   00000572   00000299
00001027   00000761   00000550   00000548
00001028   00000573   00000556   00000388
00001029   00000593   00000573   00000553
00001030   00000574   00000390   00000391
00001031   00000574   00000391   00000555
00001032   00000767   00000465   00000551
00001033   00000767   00000575   00000294
00001034   00000576   00000444   00000463
00001035   00000576   00000463   00000464
00001036   00000577   00000236   00000237
00001037   00000577   00000424   00000473
00001038   00000729   00000204   00000459
00001039   00000674   00000302   00000474
00001040   00000579   00000488   00000480
00001041   00000579   00000480   00000479
00001042   00000693   00000545   00000572
00001043   00000580   00000301   00000450
00001044   00000581   00000432   00000197
00001045   00000581   00000197   00000198
00001046   00000584   00000511   00000505
00001047   00000584   00000505   00000499
00001048   00000592   00000374   00000373
00001049   00000583   00000504   00000511
00001050   00000748   00000261   00000516
00001051   00000584   00000582   00000583
00001052   00000587   00000538   00000364
00001053   00000595   00000514   00000513
00001054   00000757   00000684   00000371
00001055   00000768   00000500   00000756
00001056   00000595   00000513   00000537
00001057   00000594   00000587   00000532
00001058   00000588   00000552   00000362
00001059   00000588   00000362   00000536
00001060   00000593   00000589   00000573
00001061   00000589   00000556   00000573
00001062   00000672   00000278   00000300
00001063   00000769   00000590   00000129
00001064   00000770   00000591   00000557
00001065   00000700   00000325   00000438
00001066   00000592   00000583   00000582
00001067   00000743   00000373   00000500
00001068   00000593   00000554   00000555
00001069   00000593   00000555   00000589
00001070   00000594   00000532   00000585
00001071   00000595   00000537   00000538
00001072   00000595   00000538   00000587
00001073   00000595   00000587   00000594
00001074   00000596   00000170   00000119
00001075   00000596   00000118   00000170
00001076   00000597   00000170   00000118
00001077   00000597   00000120   00000170
00001078   00000598   00000037   00000036
00001079   00000598   00000121   00000169
00001080   00000631   00000041   00000040
00001081   00000632   00000039   00000174
00001082   00000601   00000183   00000177
00001083   00000600   00000177   00000599
00001084   00000601   00000182   00000183
00001085   00000601   00000600   00000127
00001086   00000602   00000458   00000128
00001087   00000602   00000195   00000458
00001088   00000666   00000205   00000603
00001089   00000666   00000127   00000460
00001090   00000604   00000397   00000137
00001091   00000604   00000136   00000397
00001092   00000605   00000397   00000136
00001093   00000605   00000138   00000397
00001094   00000640   00000216   00000213
00001095   00000640   00000213   00000143
00001096   00000607   00000559   00000471
00001097   00000607   00000471   00000224
00001098   00000619   00000132   00000260
00001099   00000661   00000227   00000420
00001100   00000609   00000258   00000211
00001101   00000609   00000211   00000212
00001102   00000610   00000208   00000271
00001103   00000610   00000271   00000276
00001104   00000682   00000308   00000368
00001105   00000681   00000339   00000154
00001106   00000612   00000393   00000312
00001107   00000612   00000312   00000315
00001108   00000613   00000029   00000338
00001109   00000613   00000120   00000597
00001110   00000614   00000170   00000120
00001111   00000614   00000120   00000175
00001112   00000626   00000293   00000155
00001113   00000626   00000615   00000094
00001114   00000616   00000558   00000430
00001115   00000616   00000266   00000558
00001116   00000617   00000281   00000148
00001117   00000617   00000148   00000150
00001118   00000653   00000234   00000485
00001119   00000618   00000424   00000425
00001120   00000716   00000254   00000255
00001121   00000619   00000255   00000608
00001122   00000620   00000240   00000135
00001123   00000620   00000230   00000240
00001124   00000621   00000057   00000396
00001125   00000621   00000138   00000605
00001126   00000622   00000065   00000064
00001127   00000622   00000139   00000215
00001128   00000730   00000436   00000400
00001129   00000730   00000400   00000697
00001130   00000741   00000265   00000616
00001131   00000741   00000430   00000498
00001132   00000625   00000403   00000401
00001133   00000625   00000400   00000403
00001134   00000626   00000094   00000093
00001135   00000626   00000093   00000293
00001136   00000702   00000149   00000288
00001137   00000702   00000627   00000409
00001138   00000713   00000323   00000431
00001139   00000713   00000628   00000162
00001140   00000679   00000164   00000166
00001141   00000679   00000629   00000165
00001142   00000630   00000038   00000169
00001143   00000630   00000173   00000174
00001144   00000632   00000599   00000177
00001145   00000632   00000177   00000631
00001146   00000632   00000631   00000040
00001147   00000632   00000174   00000599
00001148   00000718   00000570   00000296
00001149   00000718   00000675   00000295
00001150   00000634   00000179   00000180
00001151   00000634   00000180   00000188
00001152   00000635   00000023   00000022
00001153   00000635   00000022   00000190
00001154   00000714   00000638   00000451
00001155   00000715   00000432   00000581
00001156   00000638   00000453   00000454
00001157   00000714   00000451   00000637
00001158   00000637   00000581   00000198
00001159   00000638   00000636   00000451
00001160   00000638   00000189   00000636
00001161   00000720   00000194   00000454
00001162   00000720   00000452   00000200
00001163   00000640   00000143   00000145
00001164   00000640   00000145   00000606
00001165   00000641   00000141   00000213
00001166   00000641   00000213   00000214
00001167   00000642   00000221   00000068
00001168   00000642   00000216   00000221
00001169   00000655   00000243   00000395
00001170   00000643   00000218   00000217
00001171   00000644   00000643   00000054
00001172   00000644   00000054   00000053
00001173   00000645   00000565   00000298
00001174   00000645   00000297   00000565
00001175   00000648   00000543   00000226
00001176   00000648   00000225   00000543
00001177   00000690   00000533   00000543
00001178   00000731   00000647   00000133
00001179   00000648   00000646   00000472
00001180   00000648   00000226   00000646
00001181   00000649   00000561   00000230
00001182   00000649   00000229   00000561
00001183   00000650   00000070   00000231
00001184   00000650   00000231   00000257
00001185   00000668   00000133   00000607
00001186   00000668   00000607   00000224
00001187   00000652   00000467   00000227
00001188   00000652   00000228   00000467
00001189   00000653   00000618   00000234
00001190   00000653   00000424   00000618
00001191   00000654   00000643   00000241
00001192   00000654   00000218   00000643
00001193   00000655   00000654   00000241
00001194   00000655   00000144   00000654
00001195   00000656   00000243   00000655
00001196   00000656   00000241   00000242
00001197   00000657   00000285   00000244
00001198   00000657   00000051   00000285
00001199   00000660   00000254   00000483
00001200   00000660   00000483   00000484
00001201   00000659   00000490   00000253
00001202   00000659   00000252   00000490
00001203   00000660   00000234   00000658
00001204   00000660   00000658   00000254
00001205   00000661   00000420   00000132
00001206   00000661   00000132   00000608
00001207   00000739   00000497   00000662
00001208   00000712   00000662   00000624
00001209   00000736   00000265   00000264
00001210   00000736   00000264   00000663
00001211   00000664   00000326   00000438
00001212   00000701   00000408   00000412
00001213   00000665   00000281   00000279
00001214   00000665   00000148   00000281
00001215   00000666   00000603   00000278
00001216   00000666   00000278   00000127
00001217   00000667   00000276   00000284
00001218   00000667   00000284   00000288
00001219   00000744   00000508   00000692
00001220   00000668   00000378   00000651
00001221   00000765   00000508   00000509
00001222   00000765   00000509   00000566
00001223   00000745   00000566   00000509
00001224   00000745   00000670   00000394
00001225   00000671   00000508   00000223
00001226   00000671   00000222   00000509
00001227   00000769   00000129   00000672
00001228   00000769   00000672   00000299
00001229   00000673   00000447   00000448
00001230   00000673   00000633   00000446
00001231   00000674   00000578   00000427
00001232   00000674   00000474   00000578
00001233   00000718   00000295   00000570
00001234   00000718   00000633   00000445
00001235   00000754   00000210   00000496
00001236   00000738   00000523   00000688
00001237   00000759   00000749   00000539
00001238   00000752   00000749   00000367
00001239   00000678   00000315   00000319
00001240   00000678   00000319   00000322
00001241   00000679   00000165   00000327
00001242   00000679   00000327   00000328
00001243   00000680   00000520   00000160
00001244   00000680   00000337   00000520
00001245   00000681   00000154   00000611
00001246   00000681   00000611   00000308
00001247   00000682   00000681   00000308
00001248   00000743   00000504   00000583
00001249   00000743   00000583   00000592
00001250   00000684   00000570   00000370
00001251   00000684   00000534   00000570
00001252   00000758   00000552   00000588
00001253   00000685   00000333   00000414
00001254   00000686   00000180   00000179
00001255   00000686   00000179   00000366
00001256   00000738   00000676   00000212
00001257   00000688   00000687   00000539
00001258   00000752   00000367   00000677
00001259   00000688   00000523   00000687
00001260   00000689   00000146   00000358
00001261   00000689   00000358   00000369
00001262   00000732   00000133   00000447
00001263   00000731   00000477   00000690
00001264   00000691   00000390   00000385
00001265   00000691   00000385   00000384
00001266   00000692   00000571   00000378
00001267   00000692   00000379   00000571
00001268   00000693   00000580   00000298
00001269   00000693   00000299   00000580
00001270   00000694   00000593   00000553
00001271   00000694   00000387   00000593
00001272   00000695   00000402   00000403
00001273   00000695   00000403   00000436
00001274   00000696   00000398   00000623
00001275   00000696   00000623   00000142
00001276   00000697   00000696   00000142
00001277   00000697   00000400   00000696
00001278   00000698   00000283   00000290
00001279   00000698   00000290   00000406
00001280   00000702   00000152   00000627
00001281   00000702   00000699   00000544
00001282   00000770   00000557   00000498
00001283   00000700   00000326   00000591
00001284   00000701   00000153   00000150
00001285   00000701   00000150   00000664
00001286   00000702   00000544   00000149
00001287   00000702   00000409   00000699
00001288   00000703   00000390   00000410
00001289   00000703   00000410   00000376
00001290   00000704   00000439   00000155
00001291   00000704   00000155   00000157
00001292   00000705   00000156   00000495
00001293   00000705   00000495   00000704
00001294   00000758   00000588   00000706
00001295   00000758   00000685   00000414
00001296   00000707   00000164   00000417
00001297   00000707   00000417   00000008
00001298   00000708   00000163   00000165
00001299   00000708   00000165   00000418
00001300   00000709   00000560   00000273
00001301   00000709   00000423   00000560
00001302   00000710   00000475   00000426
00001303   00000710   00000426   00000425
00001304   00000729   00000459   00000458
00001305   00000729   00000458   00000722
00001306   00000712   00000624   00000262
00001307   00000712   00000262   00000263
00001308   00000713   00000162   00000322
00001309   00000713   00000431   00000628
00001310   00000714   00000637   00000452
00001311   00000714   00000452   00000453
00001312   00000715   00000636   00000190
00001313   00000715   00000451   00000636
00001314   00000716   00000619   00000245
00001315   00000716   00000255   00000619
00001316   00000717   00000398   00000399
00001317   00000717   00000399   00000435
00001318   00000718   00000445   00000675
00001319   00000718   00000296   00000633
00001320   00000732   00000731   00000133
00001321   00000732   00000477   00000731
00001322   00000720   00000200   00000201
00001323   00000720   00000201   00000639
00001324   00000721   00000573   00000388
00001325   00000721   00000388   00000535
00001326   00000722   00000578   00000474
00001327   00000722   00000195   00000578
00001328   00000729   00000722   00000474
00001329   00000723   00000474   00000711
00001330   00000724   00000187   00000186
00001331   00000724   00000186   00000206
00001332   00000725   00000548   00000463
00001333   00000725   00000463   00000232
00001334   00000744   00000668   00000224
00001335   00000726   00000469   00000228
00001336   00000727   00000649   00000223
00001337   00000727   00000726   00000229
00001338   00000728   00000727   00000223
00001339   00000728   00000471   00000727
00001340   00000729   00000474   00000723
00001341   00000729   00000723   00000277
00001342   00000730   00000697   00000144
00001343   00000730   00000144   00000476
00001344   00000731   00000690   00000225
00001345   00000731   00000225   00000647
00001346   00000732   00000719   00000477
00001347   00000732   00000446   00000719
00001348   00000733   00000254   00000480
00001349   00000733   00000480   00000488
00001350   00000735   00000734   00000485
00001351   00000735   00000485   00000484
00001352   00000735   00000484   00000489
00001353   00000735   00000256   00000734
00001354   00000736   00000663   00000494
00001355   00000736   00000494   00000521
00001356   00000737   00000412   00000495
00001357   00000737   00000495   00000156
00001358   00000738   00000688   00000518
00001359   00000738   00000518   00000676
00001360   00000739   00000662   00000712
00001361   00000740   00000712   00000263
00001362   00000740   00000263   00000264
00001363   00000740   00000739   00000712
00001364   00000741   00000498   00000739
00001365   00000741   00000739   00000740
00001366   00000742   00000516   00000261
00001367   00000742   00000261   00000260
00001368   00000743   00000500   00000683
00001369   00000743   00000683   00000504
00001370   00000744   00000378   00000668
00001371   00000744   00000728   00000223
00001372   00000745   00000394   00000566
00001373   00000745   00000509   00000222
00001374   00000746   00000538   00000537
00001375   00000746   00000519   00000538
00001376   00000750   00000443   00000746
00001377   00000750   00000746   00000537
00001378   00000748   00000516   00000582
00001379   00000748   00000582   00000584
00001380   00000752   00000688   00000539
00001381   00000752   00000518   00000688
00001382   00000750   00000537   00000747
00001383   00000750   00000747   00000353
00001384   00000751   00000520   00000337
00001385   00000751   00000337   00000415
00001386   00000752   00000677   00000518
00001387   00000752   00000539   00000749
00001388   00000754   00000738   00000211
00001389   00000754   00000523   00000738
00001390   00000754   00000753   00000523
00001391   00000754   00000496   00000753
00001392   00000755   00000529   00000513
00001393   00000755   00000528   00000529
00001394   00000756   00000543   00000533
00001395   00000756   00000530   00000543
00001396   00000757   00000371   00000372
00001397   00000768   00000533   00000586
00001398   00000758   00000706   00000151
00001399   00000758   00000151   00000685
00001400   00000759   00000368   00000749
00001401   00000760   00000355   00000354
00001402   00000760   00000502   00000541
00001403   00000761   00000572   00000545
00001404   00000761   00000549   00000572
00001405   00000762   00000201   00000694
00001406   00000762   00000553   00000455
00001407   00000763   00000470   00000471
00001408   00000763   00000471   00000559
00001409   00000764   00000330   00000329
00001410   00000764   00000365   00000564
00001411   00000765   00000510   00000669
00001412   00000765   00000669   00000508
00001413   00000766   00000567   00000303
00001414   00000766   00000448   00000567
00001415   00000767   00000294   00000465
00001416   00000767   00000517   00000575
00001417   00000768   00000757   00000372
00001418   00000768   00000586   00000757
00001419   00000769   00000299   00000572
00001420   00000769   00000572   00000590
00001421   00000770   00000700   00000591
00001422   00000770   00000270   00000700
