NOEUD     108
00000001   0.0000E+00   0.3500E-01
00000002   0.3500E-01   0.3500E-01
00000003   0.3500E-01   0.0000E+00
00000004   0.0000E+00   0.0000E+00
00000005   0.3500E-02   0.3500E-01
00000006   0.7000E-02   0.3500E-01
00000007   0.1050E-01   0.3500E-01
00000008   0.1400E-01   0.3500E-01
00000009   0.1750E-01   0.3500E-01
00000010   0.2100E-01   0.3500E-01
00000011   0.2450E-01   0.3500E-01
00000012   0.2800E-01   0.3500E-01
00000013   0.3150E-01   0.3500E-01
00000014   0.3500E-01   0.3150E-01
00000015   0.3500E-01   0.2800E-01
00000016   0.3500E-01   0.2450E-01
00000017   0.3500E-01   0.2100E-01
00000018   0.3500E-01   0.1750E-01
00000019   0.3500E-01   0.1400E-01
00000020   0.3500E-01   0.1050E-01
00000021   0.3500E-01   0.7000E-02
00000022   0.3500E-01   0.3500E-02
00000023   0.3150E-01   0.0000E+00
00000024   0.2800E-01   0.0000E+00
00000025   0.2450E-01   0.0000E+00
00000026   0.2100E-01   0.0000E+00
00000027   0.1750E-01   0.0000E+00
00000028   0.1400E-01   0.0000E+00
00000029   0.1050E-01   0.0000E+00
00000030   0.7000E-02   0.0000E+00
00000031   0.3500E-02   0.0000E+00
00000032   0.0000E+00   0.3500E-02
00000033   0.0000E+00   0.7000E-02
00000034   0.0000E+00   0.1050E-01
00000035   0.0000E+00   0.1400E-01
00000036   0.0000E+00   0.1750E-01
00000037   0.0000E+00   0.2100E-01
00000038   0.0000E+00   0.2450E-01
00000039   0.0000E+00   0.2800E-01
00000040   0.0000E+00   0.3150E-01
00000041   0.4800E-02   0.2500E-02
00000042   0.2700E-02   0.3000E-01
00000043   0.2890E-01   0.3220E-01
00000044   0.3150E-01   0.2680E-01
00000045   0.2400E-01   0.2840E-01
00000046   0.2700E-01   0.4600E-02
00000047   0.3090E-01   0.8200E-02
00000048   0.2860E-01   0.1130E-01
00000049   0.1750E-01   0.1110E-01
00000050   0.1780E-01   0.2320E-01
00000051   0.3400E-02   0.1050E-01
00000052   0.9600E-02   0.6500E-02
00000053   0.1000E-01   0.3160E-01
00000054   0.3120E-01   0.3900E-02
00000055   0.1680E-01   0.8100E-02
00000056   0.1750E-01   0.3900E-02
00000057   0.2220E-01   0.1830E-01
00000058   0.3120E-01   0.1870E-01
00000059   0.2820E-01   0.2030E-01
00000060   0.2460E-01   0.2090E-01
00000061   0.2160E-01   0.2220E-01
00000062   0.2450E-01   0.7300E-02
00000063   0.4800E-02   0.6000E-02
00000064   0.2840E-01   0.2520E-01
00000065   0.2490E-01   0.2490E-01
00000066   0.6900E-02   0.2990E-01
00000067   0.1750E-01   0.3140E-01
00000068   0.1730E-01   0.2730E-01
00000069   0.8800E-02   0.2420E-01
00000070   0.1380E-01   0.2380E-01
00000071   0.2470E-01   0.1070E-01
00000072   0.2110E-01   0.1170E-01
00000073   0.1890E-01   0.1990E-01
00000074   0.1810E-01   0.1570E-01
00000075   0.4200E-02   0.1460E-01
00000076   0.4500E-02   0.1820E-01
00000077   0.4200E-02   0.2230E-01
00000078   0.1100E-01   0.1040E-01
00000079   0.1270E-01   0.1710E-01
00000080   0.2250E-01   0.4000E-02
00000081   0.3090E-01   0.2260E-01
00000082   0.2330E-01   0.1450E-01
00000083   0.2160E-01   0.3070E-01
00000084   0.3080E-01   0.1480E-01
00000085   0.1370E-01   0.7000E-02
00000086   0.8800E-02   0.1950E-01
00000087   0.1350E-01   0.3130E-01
00000088   0.7200E-02   0.9100E-02
00000089   0.2100E-01   0.2620E-01
00000090   0.1170E-01   0.2800E-01
00000091   0.8900E-02   0.1500E-01
00000092   0.3160E-01   0.3040E-01
00000093   0.2610E-01   0.3190E-01
00000094   0.3180E-01   0.1180E-01
00000095   0.3800E-02   0.2650E-01
00000096   0.8200E-02   0.3100E-02
00000097   0.1460E-01   0.9900E-02
00000098   0.2700E-01   0.1690E-01
00000099   0.2750E-01   0.2870E-01
00000100   0.2740E-01   0.2280E-01
00000101   0.2710E-01   0.8700E-02
00000102   0.2070E-01   0.8100E-02
00000103   0.1500E-01   0.2000E-01
00000104   0.1200E-01   0.2090E-01
00000105   0.1380E-01   0.1320E-01
00000106   0.7000E-02   0.1200E-01
00000107   0.2690E-01   0.1360E-01
00000108   0.1230E-01   0.3400E-02
TRIANGLE     174
00000001   00000063   00000033   00000032
00000002   00000041   00000032   00000031
00000003   00000042   00000040   00000039
00000004   00000041   00000031   00000030
00000005   00000051   00000034   00000033
00000006   00000095   00000042   00000039
00000007   00000053   00000007   00000006
00000008   00000014   00000002   00000013
00000009   00000092   00000044   00000015
00000010   00000092   00000015   00000014
00000011   00000043   00000013   00000012
00000012   00000092   00000014   00000013
00000013   00000093   00000043   00000012
00000014   00000044   00000016   00000015
00000015   00000093   00000012   00000011
00000016   00000081   00000058   00000017
00000017   00000080   00000026   00000025
00000018   00000094   00000048   00000047
00000019   00000023   00000003   00000022
00000020   00000054   00000046   00000024
00000021   00000054   00000024   00000023
00000022   00000054   00000047   00000046
00000023   00000046   00000025   00000024
00000024   00000099   00000093   00000045
00000025   00000054   00000023   00000022
00000026   00000094   00000047   00000020
00000027   00000056   00000027   00000026
00000028   00000066   00000006   00000005
00000029   00000096   00000041   00000030
00000030   00000081   00000017   00000016
00000031   00000098   00000057   00000082
00000032   00000032   00000004   00000031
00000033   00000080   00000025   00000046
00000034   00000042   00000005   00000040
00000035   00000047   00000021   00000020
00000036   00000063   00000032   00000041
00000037   00000058   00000018   00000017
00000038   00000040   00000005   00000001
00000039   00000075   00000036   00000035
00000040   00000051   00000035   00000034
00000041   00000095   00000039   00000038
00000042   00000095   00000077   00000069
00000043   00000096   00000030   00000029
00000044   00000066   00000005   00000042
00000045   00000108   00000096   00000029
00000046   00000087   00000008   00000007
00000047   00000099   00000043   00000093
00000048   00000083   00000011   00000010
00000049   00000067   00000010   00000009
00000050   00000075   00000035   00000051
00000051   00000094   00000084   00000048
00000052   00000083   00000010   00000067
00000053   00000080   00000046   00000062
00000054   00000101   00000046   00000047
00000055   00000085   00000056   00000055
00000056   00000080   00000056   00000026
00000057   00000081   00000016   00000044
00000058   00000065   00000061   00000060
00000059   00000077   00000038   00000037
00000060   00000086   00000077   00000076
00000061   00000063   00000051   00000033
00000062   00000076   00000037   00000036
00000063   00000106   00000088   00000078
00000064   00000097   00000085   00000055
00000065   00000087   00000007   00000053
00000066   00000066   00000053   00000006
00000067   00000054   00000022   00000021
00000068   00000054   00000021   00000047
00000069   00000098   00000084   00000058
00000070   00000097   00000055   00000049
00000071   00000085   00000078   00000052
00000072   00000056   00000028   00000027
00000073   00000076   00000036   00000075
00000074   00000102   00000072   00000049
00000075   00000098   00000058   00000059
00000076   00000084   00000019   00000018
00000077   00000086   00000069   00000077
00000078   00000099   00000064   00000044
00000079   00000100   00000060   00000059
00000080   00000098   00000060   00000057
00000081   00000103   00000073   00000050
00000082   00000061   00000057   00000060
00000083   00000101   00000047   00000048
00000084   00000101   00000071   00000062
00000085   00000106   00000078   00000091
00000086   00000108   00000029   00000028
00000087   00000081   00000059   00000058
00000088   00000083   00000067   00000068
00000089   00000099   00000065   00000064
00000090   00000100   00000065   00000060
00000091   00000095   00000038   00000077
00000092   00000087   00000068   00000067
00000093   00000067   00000009   00000008
00000094   00000090   00000070   00000068
00000095   00000089   00000068   00000050
00000096   00000089   00000050   00000061
00000097   00000069   00000066   00000095
00000098   00000090   00000068   00000087
00000099   00000090   00000053   00000066
00000100   00000070   00000050   00000068
00000101   00000102   00000049   00000055
00000102   00000084   00000018   00000058
00000103   00000074   00000057   00000073
00000104   00000102   00000062   00000071
00000105   00000073   00000061   00000050
00000106   00000073   00000057   00000061
00000107   00000082   00000072   00000071
00000108   00000074   00000049   00000072
00000109   00000103   00000050   00000070
00000110   00000088   00000063   00000052
00000111   00000103   00000079   00000074
00000112   00000103   00000074   00000073
00000113   00000077   00000037   00000076
00000114   00000097   00000078   00000085
00000115   00000105   00000049   00000074
00000116   00000104   00000070   00000069
00000117   00000106   00000075   00000051
00000118   00000102   00000071   00000072
00000119   00000102   00000080   00000062
00000120   00000100   00000064   00000065
00000121   00000081   00000044   00000064
00000122   00000082   00000074   00000072
00000123   00000082   00000057   00000074
00000124   00000089   00000061   00000065
00000125   00000089   00000083   00000068
00000126   00000098   00000059   00000060
00000127   00000107   00000098   00000082
00000128   00000108   00000052   00000096
00000129   00000108   00000085   00000052
00000130   00000091   00000086   00000076
00000131   00000091   00000076   00000075
00000132   00000090   00000066   00000069
00000133   00000087   00000067   00000008
00000134   00000088   00000052   00000078
00000135   00000088   00000051   00000063
00000136   00000089   00000065   00000045
00000137   00000089   00000045   00000083
00000138   00000090   00000069   00000070
00000139   00000090   00000087   00000053
00000140   00000105   00000074   00000079
00000141   00000091   00000079   00000086
00000142   00000092   00000013   00000043
00000143   00000099   00000045   00000065
00000144   00000093   00000083   00000045
00000145   00000093   00000011   00000083
00000146   00000094   00000020   00000019
00000147   00000094   00000019   00000084
00000148   00000095   00000066   00000042
00000149   00000096   00000063   00000041
00000150   00000096   00000052   00000063
00000151   00000105   00000091   00000078
00000152   00000105   00000079   00000091
00000153   00000107   00000082   00000071
00000154   00000107   00000071   00000048
00000155   00000099   00000092   00000043
00000156   00000099   00000044   00000092
00000157   00000100   00000081   00000064
00000158   00000100   00000059   00000081
00000159   00000101   00000062   00000046
00000160   00000101   00000048   00000071
00000161   00000102   00000055   00000056
00000162   00000102   00000056   00000080
00000163   00000104   00000069   00000086
00000164   00000104   00000086   00000079
00000165   00000104   00000079   00000103
00000166   00000104   00000103   00000070
00000167   00000105   00000078   00000097
00000168   00000105   00000097   00000049
00000169   00000106   00000051   00000088
00000170   00000106   00000091   00000075
00000171   00000107   00000048   00000084
00000172   00000107   00000084   00000098
00000173   00000108   00000028   00000056
00000174   00000108   00000056   00000085
