300
0.0795837
0.317519	0.856894	0.170194
0.483526	0.456354	0.0506152
0.119726	0.268641	0.0631057
0.632999	0.403336	0.706575
0.0901305	0.339618	0.759357
0.019391	0.969235	0.906378
0.0404937	0.169511	0.219526
0.0519159	0.308306	0.347702
0.45622	0.49463	0.745952
0.976435	0.448096	0.331626
0.676467	0.687409	0.635293
0.133497	0.0734727	0.636367
0.604365	0.614991	0.24182
0.559719	0.636286	0.823782
0.799331	0.784306	0.680969
0.080159	0.839452	0.350906
0.272559	0.990953	0.901102
0.305032	0.327259	0.938062
0.206306	0.938251	0.263675
0.266646	0.661603	0.664763
0.450451	0.668282	0.234863
0.873382	0.944608	0.731322
0.244279	0.811435	0.616653
0.669239	0.54778	0.112729
0.690476	0.726212	0.788975
0.84786	0.0721406	0.636622
0.54991	0.826321	0.00439803
0.366858	0.883134	0.475725
0.402666	0.641694	0.79619
0.853663	0.379566	0.242934
0.993612	0.318047	0.183995
0.788164	0.844243	0.185461
0.858061	0.532145	0.87548
0.82031	0.901437	0.421399
0.960012	0.473422	0.169332
0.1101	0.181851	0.757566
0.992415	0.705785	0.355444
0.540901	0.541738	0.501331
0.597455	0.964527	0.0673031
0.0975222	0.729835	0.647894
0.744378	0.437998	0.815968
0.531341	0.689664	0.563341
0.686353	0.392718	0.143714
0.248832	0.958679	0.556082
0.963826	0.240682	0.779803
0.213625	0.138898	0.0839385
0.96843	0.3314	0.647765
0.971381	0.844059	0.0870554
0.942713	0.398877	0.789292
0.401671	0.521074	0.188206
0.819837	0.637591	0.762267
0.451696	0.928942	0.122814
0.824121	0.128498	0.36787
0.037732	0.914244	0.215675
0.140306	0.044236	0.977635
0.353533	0.781018	0.73004
0.59191	0.842047	0.836638
0.569671	0.574373	0.667877
0.309703	0.695825	0.166345
0.285711	0.198819	0.39655
0.309809	0.16883	0.961036
0.299302	0.749083	0.422147
0.0159694	0.275017	0.926891
0.157377	0.830933	0.150216
0.29033	0.408832	0.209741
0.459644	0.742249	0.431504
0.522327	0.0658009	0.358026
0.114746	0.836368	0.527607
0.724146	0.183935	0.880996
0.743724	0.87925	0.796939
0.484099	0.00718593	0.571524
0.149036	0.894784	0.851889
0.353498	0.379348	0.795829
0.839693	0.226487	0.67486
0.602394	0.490699	0.347874
0.0365062	0.581485	0.266234
0.371542	0.157269	0.127071
0.403535	0.884733	0.977871
0.642102	0.710492	0.93999
0.872866	0.909878	0.886709
0.123683	0.0413669	0.173076
0.133406	0.554114	0.575183
0.157828	0.197602	0.921886
0.696233	0.800394	0.060933
0.27769	0.285285	0.0933388
0.122901	0.441386	0.398098
0.36978	0.58558	0.0462664
0.430519	0.0836222	0.89337
0.986505	0.576868	0.792584
0.300227	0.483142	0.904854
0.367105	0.045177	0.462572
0.386242	0.119659	0.295995
0.229477	0.0449122	0.382416
0.518496	0.60021	0.108355
0.893252	0.771662	0.81049
0.37157	0.619716	0.48634
0.519124	0.218812	0.145694
0.878003	0.191267	0.921629
0.402727	0.144141	0.581836
0.378946	0.904947	0.63303
0.955672	0.440354	0.49146
0.0378169	0.473089	0.683559
0.455707	0.0941055	0.735808
0.226043	0.959414	0.0819619
0.0793564	0.145547	0.504685
0.657633	0.442455	0.554302
0.784849	0.0395811	0.493657
0.784763	0.783116	0.926864
0.18793	0.693684	0.522194
0.722501	0.847572	0.547989
0.73932	0.991902	0.137689
0.633577	0.99584	0.804788
0.444428	0.183636	0.433435
0.728472	0.68542	0.16582
0.299759	0.133889	0.805437
0.985265	0.839429	0.621892
0.197042	0.768928	0.765808
0.867228	0.769542	0.537658
0.89191	0.309139	0.385396
0.0173812	0.15125	0.0314751
0.384957	0.246618	0.702973
0.173959	0.415539	0.0988471
0.460222	0.291477	0.550071
0.000960649	0.283942	0.498925
0.359019	0.0296547	0.0289665
0.498028	0.0670558	0.195927
0.770695	0.0320209	0.878745
0.598145	0.06542	0.665977
0.0777857	0.7303	0.0550867
0.42926	0.771982	0.0928576
0.883617	0.0447138	0.990031
0.936824	0.062408	0.276885
0.238505	0.116523	0.524777
0.751982	0.273388	0.303809
0.166381	0.270471	0.215756
0.880018	0.605121	0.448717
0.9072	0.859704	0.289937
0.812757	0.478281	0.550349
0.508518	0.745075	0.7178
0.712392	0.547779	0.447807
0.13182	0.168574	0.355195
0.644634	0.317101	0.845704
0.819302	0.8996	0.0359408
0.0281771	0.470222	0.904928
0.846681	0.745742	0.0749994
0.685879	0.252037	0.706742
0.872097	0.714843	0.229809
0.0990661	0.400869	0.550844
0.841134	0.748368	0.382141
0.0199608	0.0331458	0.742088
0.0153717	0.713115	0.512863
0.104316	0.416548	0.24182
0.445676	0.784859	0.861514
0.848064	0.323007	0.537932
0.0540816	0.629318	0.934575
0.463152	0.381804	0.911772
0.944887	0.696407	0.678209
0.351716	0.952143	0.333017
0.667439	0.933616	0.384655
0.159772	0.277943	0.467922
0.0100339	0.876316	0.776841
0.639408	0.987694	0.531738
0.293606	0.52565	0.748278
0.536072	0.212188	0.666089
0.714724	0.14591	0.588896
0.539585	0.389117	0.452881
0.260495	0.811888	0.028572
0.461391	0.569041	0.362124
0.788843	0.379559	0.674208
0.202234	0.417753	0.671408
0.975627	0.173076	0.386511
0.112834	0.98899	0.478884
0.990484	0.807535	0.931202
0.21723	0.614704	0.861933
0.437596	0.357216	0.166024
0.893814	0.960997	0.162354
0.329506	0.258347	0.242462
0.402859	0.940923	0.825047
0.294405	0.83385	0.873972
0.588695	0.148324	0.803932
0.0404821	0.574485	0.431894
0.884714	0.101093	0.790765
0.015662	0.995097	0.0649155
0.502901	0.332796	0.765788
0.37729	0.328962	0.411656
0.741108	0.638947	0.319784
0.547855	0.777542	0.302923
0.611869	0.388696	0.983878
0.0181578	0.124923	0.874337
0.218218	0.658073	0.0343831
0.821885	0.630945	0.600936
0.530621	0.962456	0.921691
0.632985	0.882142	0.200713
0.555685	0.224679	0.941276
0.219475	0.88968	0.415361
0.288957	0.523318	0.588531
0.960229	0.642117	0.117344
0.689058	0.909402	0.944428
0.236893	0.129155	0.241812
0.671012	0.101997	0.401221
0.58251	0.464469	0.844707
0.600521	0.649091	0.397444
0.731065	0.701122	0.486626
0.0894264	0.549135	0.115957
0.644667	0.0295301	0.259866
0.131356	0.595953	0.728975
0.325721	0.433092	0.055139
0.63277	0.109682	0.123159
0.0218798	0.394472	0.0450771
0.336106	0.692506	0.933465
0.0494554	0.723612	0.803734
0.608058	0.799698	0.448636
0.501131	0.928386	0.276523
0.739987	0.492589	0.255923
0.517992	0.851277	0.576324
0.733028	0.104288	0.741938
0.837761	0.408528	0.0873264
0.880163	0.168099	0.513495
0.509172	0.430475	0.610478
0.76217	0.129837	0.220876
0.466536	0.415659	0.312067
0.819083	0.29649	0.81715
0.248907	0.548516	0.145633
0.402499	0.463711	0.492635
0.514578	0.937114	0.711533
0.620213	0.186593	0.264547
0.723474	0.536471	0.683022
0.253101	0.406346	0.485017
0.301768	0.265668	0.542364
0.971493	0.867942	0.464928
0.638767	0.0785828	0.963952
0.826099	0.558598	0.138828
0.972579	0.574249	0.578281
0.768318	0.14582	0.0388624
0.232241	0.781463	0.281693
0.31522	0.0471227	0.673013
0.499546	0.103513	0.0366656
0.319662	0.628745	0.318011
0.565827	0.137121	0.525339
0.745008	0.475057	0.972701
0.2613	0.913036	0.740243
0.555989	0.46974	0.192366
0.172627	0.0387061	0.786637
0.414696	0.609005	0.639943
0.881087	0.509099	0.690687
0.859719	0.924462	0.574278
0.705768	0.795139	0.312984
0.489269	0.682243	0.974886
0.16283	0.51855	0.977851
0.892705	0.217536	0.25491
0.744502	0.232013	0.458495
0.900431	0.671076	0.940443
0.148959	0.363935	0.938135
0.756702	0.316828	0.962164
0.47956	0.256217	0.295126
0.106221	0.25594	0.616238
0.120568	0.915127	0.666018
0.829481	0.455268	0.391628
0.230105	0.277598	0.804413
0.708328	0.585687	0.862947
0.157052	0.666438	0.199857
0.914997	0.271576	0.053839
0.637463	0.835538	0.682287
0.426842	0.27491	0.0267069
0.982246	0.158646	0.64087
0.761159	0.629106	0.00889854
0.610462	0.345129	0.275782
0.630743	0.284179	0.560625
0.575521	0.742741	0.149321
0.38593	0.75282	0.574329
0.158256	0.750607	0.919543
0.0258394	0.755643	0.208219
0.233969	0.340113	0.341722
0.389055	0.800342	0.300979
0.228243	0.56031	0.445812
0.188104	0.541471	0.293134
0.996702	0.00954006	0.585928
0.693519	0.37514	0.411873
0.0829152	0.0201792	0.325747
0.879293	0.566331	0.288722
0.41357	0.239348	0.861124
0.357055	0.386411	0.632768
0.147944	0.675531	0.368431
0.926669	0.522067	0.0186018
0.651139	0.256969	0.0652104
0.786305	0.269206	0.148335
0.332921	0.0145264	0.187893
0.16278	0.467992	0.818849
0.447748	0.541716	0.912055
0.594184	0.561755	0.972533
0.240788	0.187737	0.667321
0.897722	0.116934	0.131782
0.898962	0.385164	0.942463
0.79667	0.984692	0.288134
0.514286	0.927929	0.43689
0.593317	0.245229	0.409872
0.110472	0.880775	0.00539897
0.32407	0.473554	0.352555
0.930886	0.021444	0.431182
0.73159	0.965986	0.660938

