330
  0.000000  0.000000  0.000000
  0.000000  0.000000 100.000000
100.000000  0.000000  0.000000
  0.000000 100.000000  0.000000
100.000000  0.000000 100.000000
  0.000000 100.000000 100.000000
100.000000 100.000000  0.000000
100.000000 100.000000 100.000000
  0.000000 32.653872  0.000000
  0.000000 71.919571  0.000000
100.000000 100.000000 73.291080
100.000000 100.000000 51.565350
100.000000 100.000000 29.105932
 29.584214  0.000000  0.000000
 50.602529  0.000000  0.000000
 70.484455  0.000000  0.000000
  0.000000  0.000000 29.284034
  0.000000  0.000000 50.024443
  0.000000  0.000000 72.122355
 78.019241 100.000000 100.000000
 60.676735 100.000000 100.000000
 43.334152 100.000000 100.000000
 23.761661 100.000000 100.000000
100.000000 52.812626  0.000000
  0.000000 69.516665 100.000000
  0.000000 30.718755 100.000000
  0.000000 100.000000 72.768389
  0.000000 100.000000 50.574216
  0.000000 100.000000 27.939783
 23.567810  0.000000 100.000000
 42.136935  0.000000 100.000000
 59.338065  0.000000 100.000000
 76.539156  0.000000 100.000000
100.000000  0.000000 73.012186
100.000000  0.000000 51.011556
100.000000  0.000000 29.010998
100.000000 30.392151 100.000000
100.000000 70.911981 100.000000
 71.006134 100.000000  0.000000
 48.852292 100.000000  0.000000
 27.049990 100.000000  0.000000
 75.000000 100.000000 50.000000
 72.141886 100.000000 61.607623
 64.221060 100.000000 70.561164
 53.048557 100.000000 74.813430
 41.178981 100.000000 73.392085
 31.326412 100.000000 66.622187
 25.743491 100.000000 56.051592
 25.706841 100.000000 44.097251
 31.251854 100.000000 33.461952
 41.178925 100.000000 26.607936
 53.048480 100.000000 25.186561
 64.220915 100.000000 29.438736
 72.141803 100.000000 38.392220
 50.000000  0.000000 75.000000
 61.607623  0.000000 72.141886
 70.561164  0.000000 64.221060
 74.813430  0.000000 53.048557
 73.392085  0.000000 41.178981
 66.622187  0.000000 31.326412
 56.051592  0.000000 25.743491
 44.097251  0.000000 25.706841
 33.461952  0.000000 31.251854
 26.607936  0.000000 41.178925
 25.186561  0.000000 53.048480
 29.438736  0.000000 64.220915
 38.392220  0.000000 72.141803
 31.891719 51.922428  0.000000
 32.360272 22.996916  0.000000
 54.178510 25.414262  0.000000
 54.169567 76.802619  0.000000
 31.929739 79.663791  0.000000
 79.790895 31.744820  0.000000
 78.312216 71.286193  0.000000
 59.661612 53.158819  0.000000
  0.000000 46.206674 42.533629
  0.000000 21.113795 34.668657
  0.000000 19.460915 55.620280
  0.000000 26.811503 74.541247
  0.000000 60.520602 71.027902
  0.000000 76.679646 45.958155
 85.245884 100.000000 60.963330
 70.570106 100.000000 83.889744
 77.462542 100.000000 71.204076
 26.649905 100.000000 79.602664
 22.037131 100.000000 34.743251
 27.458343 100.000000 23.965594
 75.068224 100.000000 19.485843
 38.150981 100.000000 86.443172
 13.230037 100.000000 41.861436
 16.698234 100.000000 13.913308
 37.552637 100.000000 13.880814
 14.609010 100.000000 27.965644
100.000000 83.976299 60.647181
100.000000 81.232512 40.411007
100.000000 18.613825 62.333820
100.000000 28.188922 33.915639
100.000000 76.812169 77.938150
100.000000 80.053500 19.033437
100.000000 17.775082 83.038574
100.000000 46.697675 74.254972
100.000000 59.403068 29.551548
100.000000 61.322952 55.514894
 34.162194  0.000000 85.060916
 73.923979  0.000000 79.054887
 68.231677  0.000000 17.893733
 16.003042  0.000000 65.503055
 26.823089  0.000000 74.366422
 18.396000  0.000000 22.699516
 84.752786  0.000000 15.340960
 16.071842  0.000000 83.274537
 60.271229  0.000000 85.687808
 81.873697  0.000000 32.566043
 51.774038 80.529604 100.000000
 51.851172 50.328881 100.000000
 31.465103 22.277460 100.000000
 70.245846 21.903202 100.000000
 32.109817 78.010345 100.000000
 71.343132 78.811464 100.000000
 50.899952 19.707765 100.000000
 74.323430 89.157821 55.776744
 59.075606 89.134725 73.294492
 36.024116 89.120669 70.728595
 25.001618 89.148247 50.284461
 35.595319 89.174759 29.567057
 58.666846 89.174874 26.550357
 74.224633 89.171778 43.822042
 55.839486 10.943134 74.308443
 73.304033 11.021285 59.051079
 70.717773 10.965562 36.008078
 50.350867 10.902151 25.002462
 29.532007 10.845971 35.645166
 26.542222 10.948986 58.644804
 43.780504 10.910789 74.214001
 68.857844 89.142168 66.412853
 47.233387 89.125720 74.846445
 27.994854 89.132500 61.864802
 27.739370 89.164339 38.621761
 46.775716 89.179080 25.208792
 68.582264 89.179790 33.275782
 66.437721 11.275288 68.836170
 74.843081 10.968325 47.203334
 61.887350 10.951581 28.007026
 38.637477 10.888053 27.731343
 25.205977 10.907664 46.797438
 33.209542 10.923018 68.522432
 72.342265 78.149848 61.217094
 31.631465 78.105213 66.958683
 25.601062 78.165451 44.550981
 40.681106 78.208324 26.801763
 63.830910 78.218847 29.174392
 74.772399 21.923908 53.365749
 33.629880 21.671022 31.105049
 61.292193 22.021593 72.304403
 70.361295 22.041310 64.505780
 44.787365 21.742929 25.549470
 25.132361 21.895000 52.569153
 37.692535 21.814826 71.760660
 41.609738 78.092925 73.550021
 56.582423 21.920245 25.882129
 53.478578 78.113129 74.756807
 74.996497 78.204191 49.581491
 49.752868 21.631871 74.998778
 66.962514 21.954579 31.635003
 25.856983 78.135210 56.489585
 30.947766 78.199075 33.813204
 52.524337 78.221445 25.127772
 71.924827 78.215891 37.987425
 64.578281 78.128491 70.309449
 29.105736 21.977827 63.726971
 73.532155 21.961866 41.559758
 26.784249 21.759038 40.724823
 69.208170 67.093690 66.001444
 68.194117 67.129668 32.854327
 29.856445 32.717474 35.193340
 27.473962 67.202578 39.156680
 46.149854 67.180449 25.298252
 71.016439 33.027633 36.460824
 28.272551 67.042442 62.366000
 58.129090 67.336101 26.358556
 74.888877 32.994747 47.645472
 25.016483 67.110958 50.907671
 32.708604 33.218183 68.055681
 50.963436 32.990679 25.018571
 47.794377 67.041075 74.902514
 26.373645 33.101741 58.172842
 74.434693 67.134084 55.286375
 25.312307 32.639425 46.060733
 36.467184 67.033999 71.020535
 39.210650 32.995925 27.448062
 74.081152 67.315438 43.284488
 59.603854 67.066537 73.081724
 35.102775 67.211425 29.923330
 65.908784 33.089626 69.284983
 62.407970 33.015561 28.296491
 42.822652 33.246876 73.947561
 55.629389 33.266525 74.357955
 73.213346 32.779533 59.281195
 39.961233 56.164339 27.104080
 65.153544 55.940781 69.883916
 26.090290 55.876511 57.302449
 67.521759 44.249982 32.167783
 30.450649 56.235195 34.417225
 72.630668 56.062749 60.623223
 28.774615 44.521738 63.209203
 73.757405 44.086951 42.216317
 71.377027 55.729964 37.037642
 51.457417 55.845613 25.042517
 54.283244 55.950667 74.630344
 45.754696 44.390368 25.363089
 74.985373 55.819266 49.144929
 27.035151 44.455562 40.119934
 25.434710 56.169491 45.358178
 57.338448 44.090034 26.101314
 74.698488 44.338499 53.871004
 60.510606 44.657527 72.683191
 37.054844 44.756334 71.387448
 25.109283 44.458139 52.334992
 34.442541 44.471799 30.430496
 63.450349 55.748499 28.926602
 69.619926 44.763502 65.493821
 32.129004 55.872547 67.482206
 42.297540 55.925130 73.783862
 48.911807 44.999372 74.976305
 64.078669 100.000000 53.266223
 57.453225 100.000000 62.607091
 45.263205 100.000000 63.556478
 36.797198 100.000000 53.444899
 40.104266 100.000000 41.041405
 51.982784 100.000000 35.866882
 63.003646 100.000000 42.620952
 50.954499 100.000000 50.236615
 53.267807  0.000000 64.071400
 62.611622  0.000000 57.448268
 63.565816  0.000000 45.258508
 53.470172  0.000000 36.784882
 41.104412  0.000000 40.071901
 35.866882  0.000000 51.982784
 42.620952  0.000000 63.003646
 50.262303  0.000000 50.917465
 83.581567 88.693205 65.975295
 83.801988 65.355766 61.077565
 82.988529 85.459219 83.164969
 70.310071 77.352448 79.872556
 66.073672 89.699830 84.176601
 50.062280 88.710348 84.754014
 37.458309 88.374951 85.672700
 13.847121 87.746506 60.735933
 17.201032 90.194776 46.904128
 17.903800 84.737959 34.690442
 48.178017 83.154809 14.629431
 62.806409 87.866161 16.980439
 84.825246 87.849398 34.743884
 87.185433 89.843148 51.792520
 59.644814 15.118753 87.194243
 15.641726 12.626071 36.137387
 43.657457 14.232297 86.171004
 41.493778 74.718734 84.041273
 16.361339 75.831364 48.621770
 16.621560 15.890709 67.397471
 45.703482 13.017287 13.110814
 86.282410 18.691071 53.292146
 14.274979 13.017988 50.427272
 13.186388 30.082856 43.748829
 83.232342 20.702406 35.804016
 82.724731 15.540724 23.058086
 63.795182 15.205734 13.681264
 14.593309 29.986703 56.866238
 13.468052 46.568823 59.749046
 23.742745 19.813322 81.857310
 38.266197 33.070354 84.655228
 80.147581 75.857876 70.493865
 82.429432 55.266200 70.314271
 71.329955 41.336496 82.354354
 77.223391 62.368185 84.313446
 59.371490 78.722474 83.943090
 84.795902 71.743950 38.481358
 85.421669 78.421490 53.135074
 80.868316 67.768661 24.623384
 75.535453 82.108928 16.390780
 59.936915 64.670125 84.871144
 48.402552 62.590101 86.358815
 17.587338 32.761184 30.502812
 20.741343 16.565181 19.799967
 16.855099 64.390873 31.905408
 18.868240 82.334880 18.029417
 37.159236 69.154596 14.744621
 34.537390 82.153551 19.050189
 48.882318 61.675680 13.556921
 59.020851 71.942862 14.712677
 16.029152 67.254414 60.302339
 18.888722 79.548054 71.238954
 14.094796 82.011652 85.431401
 28.923444 81.603224 79.675228
 61.663311 31.782985 15.130297
 13.427135 58.928631 47.913025
 47.844499 27.112653 15.036642
 36.499987 56.549334 82.580303
 36.053429 23.828435 18.539029
 83.225060 65.124489 49.406909
 85.989229 45.248022 54.347166
 83.849691 30.559705 67.484215
 82.635370 13.259196 67.701390
 84.926626 13.773504 85.675159
 71.535085 25.639009 80.171818
 69.757560 12.321738 80.498688
 55.610238 26.929462 84.435628
 18.392920 35.620440 70.349899
 49.644266 44.874764 13.079213
 76.179064 31.939392 23.360384
 22.180384 53.933383 19.296472
 59.842099 51.585214 82.321430
 23.301802 66.742573 78.050152
 82.496439 41.477613 35.084568
 22.199584 46.000514 83.357134
 84.194537 56.837943 40.567776
 68.596186 64.886733 18.199755
 26.282189 33.518363 18.321990
 37.783718 40.013818 17.137871
 53.029558 40.033950 86.413315
 81.951939 50.123062 20.822829
 67.973021 46.031795 16.342113
 58.734295 55.932436 17.588207
 19.980372 55.320835 68.340270
 56.686778 86.290138 49.966414
 40.469188 75.351370 50.424669
 50.101135 14.151499 50.283728
 59.560990 68.672129 50.820709
 50.069824 33.178795 49.916482
 49.601393 53.357243 49.457247
1447
   1        267      110      106      266
   1        161      258      282      185
   2        328      177      326      330
   1        271      163      257      307
   2        222      326      189      179
   2        325      228      326      229
   1        297      160      261      156
   1        108      133      146      260
   1        292      165      137      248
   1        308       80      324      315
   1        111       19      107      260
   1        146      158      270      170
   1         78      263      260      268
   1        273      272      242       98
   1        264      256      172      283
   2        127      140      325      168
   1        186      308      268      269
   1        324      201      291      269
   1         76      268       79      269
   2        325      136      161      326
   1         41       10        4      286
   1        286       72      311      287
   2        231      225      325      232
   1         74      317       75      290
   1        283       77      284        9
   1        284       14        1      109
   1         69      318       68      319
   1        272      278      242       94
   1        306       33      105      112
   1        184      319      210      190
   1        176      259      296      285
   1        176      213      285      296
   2        327      141      129      234
   1        272      242      173      273
   1        241      272      135      243
   1        248      165      137      124
   1        202      321      220      322
   1        285       76      296      212
   2        327      134      128      233
   1        313      258      298      118
   2        230      231      325      232
   1        283      175      212      219
   1        276      258      282      161
   2        325      227      136      326
   1        264       78       77       76
   1        299      261      156      297
   2        171      327      152      142
   1        269       80       76      296
   1         37      100      302      304
   1        250      149      259      249
   2        328      177      330      180
   2        126      151      167      325
   1        128      306      112      255
   2        326      159      136      161
   1        103      273       98      101
   2        126       53      231      230
   1         85      248      292      137
   1        188      264      172      283
   1        311      283      212      219
   1        251       52       40      252
   2        329      330      214      202
   1        122      276      246      245
   2        199      210      330      208
   1        298      224      217      271
   1        284      318        9       69
   1         95       12      253       13
   2         53      126      231      140
   1         41      286       91       92
   1        320      216      274      312
   1        224      197      196      320
   2        325      231      230      126
   2        161      328      169      325
   2        122       44       45      226
   1         55       67      134      104
   2        129      142      234       58
   1         90       81      250       29
   1        114      276      119      245
   1        164      171      265      130
   1        179      201      324      222
   1        250       90       93       86
   2        330      216      200      221
   2        330      329      215      206
   1        312      275      274      115
   1        275      281      119      115
   1         22       45       89      246
   1        306       56      105      141
   1        248       81       28       27
   1        266      164      265      130
   1        313      179      189      148
   1        110       16       73      267
   1        284      283      318      153
   1        278      253      127      277
   1        322      220      214      323
   1        294       23      118      293
   1        182      201      296      291
   1        221      216      200      274
   1        297      299      319      190
   1         41       10      286       72
   2        325      228      229      232
   2        124       48      228      137
   1         80       26      315       79
   2        139      167      150      326
   1        282      118      298      258
   1        309      323      208      289
   1         94       82      241      254
   1        257       55      128      134
   1        179      324      313      222
   1        172      188      283      175
   1        165      292      148      179
   1        106      143      130       60
   1        286       87      250       93
   1         68      289       71       75
   2        149      326      176      182
   1         87      250       93       86
   1         63      132       64      109
   1        309      289       75      323
   1          7       88      280       39
   1        293      118      313       25
   2        211      191      187      328
   1         22       89      247      246
   1        201      179      291      182
   1        244      245      243      119
   1         17        9        1      284
   2        330      189      326      185
   1         89       85      247       46
   2        330      326      201      213
   1        306       33      304      105
   1        248       81       80      291
   1        268      188      218      264
   2        123       47      137      228
   1        257       55       31      112
   1        139       52       92      251
   1        111      270       30        2
   1         17        9      284       77
   1        102      103       97      301
   1        118      258      114      247
   1        291      201      324      179
   1        278      253      277       95
   2        125      138      229      326
   2        325      136      226      122
   1        199      309      208      289
   1        315      308      183      205
   1        245       45       21      246
   1        308      183      205      186
   1        248      165      124      259
   1        311      199      219      203
   1         23       89       85      247
   2        329      183      205      217
   1        197      154      163      307
   1        281      276      244      119
   1         80      315      313      324
   1         82      121      241      254
   2        327      329      155      154
   1        121      254       42      127
   2        139      325      167      326
   2        207      330      202      220
   1        275       37      115       38
   1         81      296      291      259
   1        272      275      243       98
   1        323      180      289      290
   1        271      298      224      320
   1        146      260      270      108
   1        294      189      313      258
   1        155      154      194      305
   1        207      279      220      321
   2        220      330      214      208
   2        157      170      329      327
   2        330      189      185      223
   1        100       37        5      304
   1        122       45       44      245
   1        171      142      152      262
   2        169      328      147      325
   1        281      114      119      115
   1        265      113      142       36
   1        223      298      189      185
   1        303       58      129       57
   1        322       73       75      295
   1         99       74       24        7
   2        121      325      147      162
   1        294      189      258      159
   1         78      264      263      268
   1        294      292      148      137
   1        318      311       68      319
   1         88      253       54       13
   1        168      280      279      253
   2        212      203      219      330
   1         98      243       38      275
   1        275      281      244      119
   1         90       81       29       28
   1        296      182      291      259
   1         94       82      254       12
   1         32      257      120       31
   2        153      190      329      175
   1        116      257      104       31
   1        248       81      291      259
   1         30      270       26        2
   1         11      243       84       83
   1         37      101       38      275
   1        247      136      159      246
   1        204      242      211      301
   1        241       98      272      243
   1         73      321       97      310
   1        320      216      312      224
   2        161      328      325      326
   1         89      247      246       46
   1        103      278       94      242
   2        173      192      328      169
   1        249       86      250      138
   1        173      242      272      147
   1        118       23       25      293
   1        147      173      242      187
   2        329      158      163      327
   2        174      191      207      328
   2        325      229      326      139
   1        283      318      175      219
   1         15      261       62       14
   2        170      183      186      329
   1         98      103       94      242
   1        273      103       98      242
   1        311      318      219      319
   1        166      288      125      286
   1        273      103      242      301
   1        249       86      138       49
   2        171      178      181      329
   1         90       48       49      249
   2        198      329      181      215
   1        103      277      278      300
   2        329      197      194      154
   1        261      284       14       69
   1        299      144      156      261
   2        197      329      163      154
   1        266      310       97      265
   1        146      257      134      104
   1        312      275      115      281
   1        249       86       49       90
   1        120      320      271      307
   2        190      329      175      219
   1         48      124       49      249
   2        330      207      328      220
   1        204      215      301      211
   1        282      312      320      115
   1        320      117      274      307
   2        229      125      139       51
   1        295      267      310       73
   1        224      271      320      196
   1        278      254       95       94
   1        138       50       49       86
   1        294       85      292      137
   1        146       67      108      104
   1        160      131      261      156
   2        328      177      180      167
   1        250      125      286      166
   1        125       87       50      138
   1        278      187      147      242
   2        222      205      330      201
   1        290      151      252      280
   1        151      252      280      140
   1        280      253       99      279
   1        165      292      179      291
   1        278      121      127      254
   1        280      290       71      252
   2        185      328      161      326
   1         29       91      286       93
   1         92      286       91       87
   1        201      269      296      291
   1         48      248      124      249
   1        293       80      292       27
   1        317      220      174      279
   2        123      137      326      228
   1        250      125      166      138
   1        209      312      200      216
   1        289       68       71      287
   1        248       27      292       80
   1         73      321      310      322
   1        221      273      274      200
   2        193      330      203      326
   1        151      290      167      180
   1        290       74      280       71
   1        273      221      204      200
   1        278      187      242      300
   1        171      262      152      181
   1         74       39      280       71
   1        290      251       71      252
   1        177      199      289      287
   2        193      166      150      326
   1         99       74      279       24
   1        111       79      270        2
   1        151      252      140      126
   1        323      180      290      317
   1        142       35      265       36
   1        278      187      300      162
   1         70      309       75      295
   1        168      280      253      140
   1        151      252      126      167
   1        109      132       64      256
   1         90       81       28      249
   1         72      286      288      287
   1        306      117      305      304
   1         73       74      321      322
   1         68       72       71      287
   1         32      257       31      112
   2        216      209      224      330
   1        294      189      159      148
   1        251      289       71      287
   1        118      315      298      313
   1        306       56      141      128
   1        294      189      148      313
   1         73      266      310       97
   1         47       85      123      137
   1        305      197      307      154
   1        270      158      271      183
   1        266       73        3       97
   1        125       92       51       87
   1        321       74       73       24
   1         73        3       97       24
   1         84      243      135      245
   1         33       37      117      304
   1        276      282      114      281
   1        250      166      149      138
   2        152      198      329      181
   1        267       70       73      295
   2        327      164      143      130
   2        177      330      180      208
   1         40       52       39      252
   1        108      133      260      107
   1        111      107      108      260
   1        270      308      315       79
   1        311      212      285      203
   2        147      173      187      328
   1        302      273      301      101
   1         26      270      315       79
   2        147      328      162      325
   1        294       23       85      247
   1        254      278      241       94
   1        250      176      166      285
   2        173      204      187      328
   1        244      275      119      243
   1        260      157      170      268
   1        260      308       79      268
   1        220      279      207      174
   1        265      113      130      142
   2        329      178      202      195
   1        138      124      149      249
   2        222      326      179      201
   1         45      122      136      246
   1         44       84       43      135
   1        267      295      164      160
   1         34      100      304      303
   1        302      221      194      198
   2         47       48      137      228
   2        326      222      330      201
   1        152      303      302      262
   1        108      133      107       66
   1        264       77      283       76
   1        255       33      306      112
   1        155      306      154      305
   2        326      165      179      182
   1         14       63      144       62
   1        184      319      190      297
   1        267      143      131      160
   1        142       35       36       58
   2        330      180      208      220
   1        294       23      293       85
   2         49      138      124      228
   1        191      168      174      277
   1         27       47      248       85
   1        316      191      207      277
   1        298      217      222      315
   2        177      330      208      199
   2        211      330      215      206
   2         42      127      225      121
   2        329      327      163      154
   1        263      107       78      260
   1        109      284      256       17
   1         26       25       80      315
   1         34      303      304      105
   1         69      318        9       68
   1        313      258      118      294
   2        237      144       63       62
   1        108      133       66      146
   1         94       82       12       11
   1        274      101       37      275
   1         41      286       92       72
   1        274      115       37      117
   1        184      319      297      309
   2        164      327      171      130
   1        143      267       61      106
   1         80      315       25      313
   1        282      298      115      320
   1        298      271      115      320
   1         61      261      131       62
   1        105       56       57      141
   1        172      132      256      145
   1        306       56      128      112
   1        257      270      158      271
   1         92      286      288       72
   2        184      190      329      156
   2        146       67      134      239
   1        111      270      108      104
   1         90       81      249      250
   1        251       72      287       71
   1        142       35      262      265
   1        114       22      246       21
   1         45      136       46      246
   1        249       86       90      250
   1         35      303       58      262
   2        134      327      239      233
   1        124      138       49      249
   1        278      254      241      121
   1         39       40      252       71
   1        299      144      261      284
   2        191      211      207      328
   1         25      115      118      315
   1        267      143       61      131
   1        210      199      219      319
   2        327      129      142      234
   1        168      253      277      127
   2         57      129      234       58
   1        144      132      284      153
   2        164      327      329      171
   1        207      321      314      316
   1        270      260      308       79
   1        248       27       80       81
   1         78      107      263       18
   2        160      184      195      329
   2        329      205      186      218
   1         29       81      250      286
   1        217      315      183      205
   1        111       79        2       19
   1         68       70      309       75
   1        315      116      270       26
   2        203      326      330      213
   2        166      326      193      176
   1         92       52      139       51
   2        329      212      219      330
   1        276      122      161      169
   1         92      125       51      139
   1        284      109        1       17
   1        245      276      119      244
   2        135      122      169      325
   1        110      267       73      266
   1         99       88        7       13
   1        257      128      112      255
   1        122      136      246      161
   2        144      131      327      156
   2        327      171      152      329
   1        260      133      146      170
   1        303      306      304      105
   1         18       17       64      256
   1        250      176      285      259
   1        301      262       97      181
   1        264      256       77      263
   1        206      316      314      301
   1        224      209      216      312
   2        236      144      237       62
   1        309      322      323       75
   1         25       23       27      293
   1        251       52      252      126
   2        160      184      329      156
   1        201      205      324      222
   2        327      144      132      237
   2        184      190      210      329
   1        282      118      115      298
   1        309       69       68      319
   1        254       12      253       95
   2        164      171      329      178
   1        245      243       20       83
   1        309       69      319      297
   2        209      223      224      330
   1        278      187      162      147
   1        300      187      242      211
   2        122      325      161      169
   1        309       69      297       70
   1        309       69       70       68
   2        325      229      139      230
   1        251       40       71      252
   2        329      330      215      221
   1        300      162      187      191
   1        139      251      288      150
   1         98      273      275      101
   1        266      110      106      113
   1        299      284      318      153
   1        299      297      156      190
   2        329      218      188      212
   1         64      263      256      145
   2        172      327      329      153
   1         78      260      107       19
   1        281      185      161      282
   2        330      180      220      328
   1        125      286       92       87
   1        137      165      292      148
   1        103      300      278      242
   1         85      293      292       27
   1        274      101      275      273
   1         74        7      280       39
   1        274      101      273      302
   1        317      151      290      280
   2        152      171      181      329
   1        118      315      313       25
   2         43       42      225      121
   1        290      151      317      180
   1         95      103      102      277
   1        258      185      189      298
   1        250      138      149      249
   1        278      277      103       95
   1        173      192      244      275
   2        190      153      329      156
   2        327      141      155      129
   1        247      136      246       46
   1        317       74      280      290
   1         33       34        5      304
   1        302      262      181      152
   1        173      273      204      200
   1        309       68      199      319
   1         33       34      304      105
   2         57      141      234      129
   2        329      198      155      194
   2        140      151      325      168
   1        283      256      172      284
   1        161      258      185      159
   1        283      256      284       77
   1        165      292      291      248
   2         55       56      128      233
   1        155      306      303      141
   1         70      267       73       16
   1        277      279      174      207
   2        127       42      225      231
   1        217      224      298      223
   1        100       37      302      101
   2        127      325      162      168
   2        235      327      236      130
   1        101      103      301       97
   1        142       35       58      262
   1        251       40       72       71
   1        202      321      207      220
   1        114       22      247      246
   1        246      276      122      161
   1         23      294      118      247
   1        118      114       22      247
   1        127      121      278      162
   1        267      297      295      160
   1        272      278       94      241
   1        277       99      253      279
   1        256      132       64      145
   1        299      144      284      153
   1        300      162      277      278
   1        201      213      182      296
   1        146      270      104      108
   1        299      261      297       69
   1        111       79       19      260
   1        151      317      279      280
   1         14      144       63      109
   2        157      170      186      329
   1        266      106      130      113
   2        329      216      197      224
   2        327      160      329      156
   1         85      294      292      293
   1         67      146      134      104
   1        257      270      271      116
   1        120      257      116       31
   2        159      326      148      189
   1        100       96      302      303
   1        157      133      260      170
   1        244      192      173      169
   1        305      197      154      194
   2        217      223      330      224
   1         28       48      249      248
   1        278      147      162      121
   1        314      316      102      301
   1        253      140       54      127
   2        329      216      330      221
   2        327      233      234      240
   1        300      316      211      301
   1        273      275      274      200
   2        157      327      329      172
   2        209      216      200      330
   1         64      263      145       65
   1        155      198      302      194
   2        141      327      155      154
   1        262       58      142      129
   1         34      100      303       96
   1        257      128      255      163
   1        186      183      170      308
   1        215      206      301      211
   2        328      167      151      325
   1         61      261       62       15
   1        251      177      289      287
   1        139      288      125      150
   1        199       68      309      289
   1        122       44      135      245
   1        251      290      167      252
   1        135       84       43      241
   1        193      285      311      286
   1        278      253       95      254
   2        121      127      325      162
   1        162      191      277      168
   2        180      174      220      328
   1        278      253      254      127
   2        203      212      213      330
   1        251      150      287      288
   2        330      189      223      222
   2        196      183      158      329
   1        221      273      204      301
   1         10      286       72      311
   2        153      327      329      156
   2        162      328      168      325
   2        325      229      230      232
   2        218      329      188      186
   1        293       80      313      292
   1         72       68      311      287
   1        249       48       28       90
   1         21      245      119       20
   1        135      243      244      245
   1        135      272      241      147
   1        262       97      265       35
   1         74       99      280        7
   1         14      144      261       62
   1        248      124      249      259
   2         43       44      135      226
   1        277       99      279      102
   1        250      176      259      149
   1        117       37      274      305
   1         84      243      245       83
   1        120      271      116      257
   1        198      215      181      301
   2        187      191      162      328
   1        213      176      182      296
   1        308      186      268      170
   1        130      106       60      113
   1        312      282      281      115
   1        265      142      171      262
   1        244      122      245      276
   1        272      275      273      173
   1        272      275      173      244
   1        103      316      102      277
   1        303       58      262      129
   1        128      257      134      163
   2        162      328      147      187
   1        146      257      104      270
   1         76      218      296      212
   2        134       55      128      233
   1        158      257      163      134
   1         27       23       25        6
   1        306       33      117      304
   1         64      263       65       18
   1         37       33        5      304
   1        100       34      304        5
   1        128      306      255      154
   2        168      328      162      191
   1         77       78      263       18
   2        329      183      186      205
   2        159      123      326      136
   1        271      217      183      196
   1         15       70       16      267
   1         73       16      110        3
   2        326      177      150      193
   1         78       19      107       18
   2        196      329      197      224
   1        197      163      196      307
   1         39       88      280      252
   1        293       25       80       27
   2        196      329      224      217
   1        321      102       24       97
   1        162      168      277      127
   1        272      275      244      243
   2        330      185      326      328
   1        265      142      130      171
   2        327      237      238      240
   1        110       73        3      266
   1        171      178      265      181
   1        143      267      106      266
   2        327      158      134      146
   1        289      180      323      208
   1         96      101      301       97
   1         99       74      280      279
   1         35      303       34       58
   1        316      206      211      301
   2        326      179      148      189
   2        121      147      325      135
   1        311       76      285      212
   1         80      292      291      313
   1        272      243      244      135
   1         94       82       11      241
   1        311      283       76      212
   1        111       30      270      104
   1         15      261       14       69
   1        212      264      188      283
   1        212      188      175      283
   1        306      154      305      255
   1        190      318      175      153
   2        135      225      226      325
   2        325      136      122      161
   2        159      326      189      185
   1        117       37      305      304
   1        285      166      286      193
   1        255       33      112       32
   1        306      117      255      305
   2        327      146      239      238
   1         78      264       77      263
   1        303      100      304      302
   2        139      325      230      126
   1        120      271      257      307
   1        204      221      301      215
   2        327      157      133      145
   1        221      198      301      215
   1        133      263       65      145
   1        195      310      164      178
   1         36      266       97      265
   1        221      302      301      198
   2        238      327      240      239
   1        245      114      246       21
   1        276      114      246      245
   1        193      285      176      203
   1        276      258      161      246
   1        302      198      181      301
   1         53      140      252      126
   1        125      288      139       92
   2        131      144      236       62
   2        328      167      180      151
   2        325      227      232      226
   1         89       45       46      246
   2        225      121      325      135
   1         76      269      296      218
   1         72       10      311       68
   1        172      283      284      153
   2        127      231      225      325
   1        258      114      247      246
   1        161      246      159      136
   1        309      322       75      295
   1        317      321      322      220
   1         76       81      285      296
   2        148      123      137      326
   1        277       99      102       95
   1        151      180      174      317
   1        271      163      307      196
   2        223      222      217      330
   1        277      168      174      279
   2        140      127      325      231
   1        171      164      265      178
   2        165      179      148      326
   1        276      258      246      114
   1        281      185      282      209
   2        325      228      232      227
   2        145      327      238      133
   2        127       54      231      140
   2        123       47      227       46
   1        290      177      180      289
   2        123      136      227      326
   1        311      318      283      219
   1        317      321      220      279
   1        281      185      209      192
   2        329      196      163      158
   1        206      202      314      207
   1        199      177      289      208
   1        277      162      300      191
   1        125      286      288       92
   1         99       88      280        7
   2         54       42      127      231
   1        243       84      135      241
   1        278      162      277      127
   2         47      123      227      228
   1        316      103      102      301
   1        278      103       94       95
   1        254       12       95       94
   1        258      247      159      246
   2        326      166      149      176
   2        157      172      329      188
   2        229      138       49      228
   2        158      170      146      327
   1        253       54       42      127
   1         52       88       39      252
   2        184      210      214      329
   1        161      258      159      246
   2        207      174      328      220
   2        235      327      142      234
   2        227      123      326      228
   1         52       88      252       53
   1         66       67      108      146
   1        128      154      255      163
   1        173      242      204      273
   1        254      253       42      127
   2        121      127      225      325
   2        203      326      213      176
   1        282      224      312      209
   1        241       84       11      243
   1         77      283       76        9
   2        326      203      193      176
   1        128      306      154      141
   1         11       84      241       82
   1        144       63      109      132
   1        275      281      192      244
   1        283      172      175      153
   1         12      254      253       42
   2        125      138       50      229
   2        147      328      169      173
   1         80      248      291      292
   1         27       23       85      293
   1        294      292      313      148
   1         10      285       81      286
   1        299      284      261       69
   2        126       53      230       52
   1        173      275      200      192
   1         15       70      261       69
   1        144      132      109      284
   1        276      258      114      282
   2        226      122      136       45
   1        224      298      282      320
   1        116      257      270      104
   2        174      191      328      168
   2         48       49      124      228
   1        111       79      260      270
   1        282      224      320      312
   2        170      329      327      158
   1        281      200      209      312
   1        244      122      276      169
   1        209      282      281      312
   2        327      171      130      142
   1        143      106       61       60
   2        141      327      233      234
   2        164      160      195      329
   2        152      329      198      155
   1        271      298      315      217
   1        322      195      295      214
   1        255       33       32      117
   1        114      245      119       21
   1         96      100      302      101
   1        152      303      262      129
   2        236      327      143      130
   1         74      317      280      279
   2        204      330      200      221
   2        327      158      163      134
   1        120      257      255      307
   1        152      303      129      155
   2        329      206      181      215
   1         96      303      262      302
   1        251       92       72       40
   2        232      225      325      226
   1        251       52       92       40
   1        110      266        3       36
   1        120      117      307      255
   1        150      177      287      193
   1        193      286      311      287
   1        299      318      319      190
   1        299      284       69      318
   1        289       68      309       75
   1        286      193      288      287
   1        276      169      192      244
   2        329      212      188      175
   2        168      328      151      325
   2        211      330      207      328
   2        325      228      227      326
   1        248       85      292       27
   1        309      322      295      214
   1         79      268       76       78
   1         76       80      269       79
   1         41        4       91      286
   1        142      130       59      113
   1        287      150      251      177
   1        269      186      218      268
   1        264       78       76      268
   2        139      325      126      167
   2        151      328      168      174
   1        285      166      193      176
   1         80      308      269       79
   1        294      118      247      258
   1         50       87       86      138
   1        118       23      247       22
   1         27       47       48      248
   1        199      311      193      203
   1        318      311      283        9
   2        210      329      219      330
   2        330      220      214      202
   1         87      250       86      138
   1        286       91       87       93
   1        303      306      105      141
   1        198      302      181      152
   2        226       45      136      227
   1         36       97       35      265
   1         39      280       71      252
   1        267      110       16      106
   2        124      165      137      326
   1         15      267       16      106
   1         84       44       83      245
   1         20       11      243        8
   1        173      169      272      244
   1         45      245       21       83
   1        169      272      244      135
   1        204      242      173      187
   1        103      300      242      301
   2        327      152      155      329
   1        314      102      321       97
   2         54       53      231      140
   2        122      135      226      325
   2        124      137      228      326
   1        273      103      301      101
   1        268      188      264      157
   2        236      131       61      143
   1        303       58       57       34
   1        168      280      140      151
   1        280      253      140       88
   1        212      213      296      285
   1        271      163      196      158
   1         30      116      104       31
   1        307      154      163      255
   1        305      197      194      274
   2         60      236       61      143
   1        271      320      196      307
   1        305      197      274      307
   1        320      117      307      120
   1        253       99       95       13
   1        262       97       35       96
   1        253       99       13       88
   1        107       18       65      263
   1         59       60      113      130
   1        211      316      300      191
   2        138      229      326      228
   1        303      305      304      306
   1        303      305      306      155
   1         23       89      247       22
   2        199      210      219      330
   1        155      194      302      305
   2        178      329      202      206
   1        303      305      155      302
   1        212      213      285      203
   1         37      305      304      302
   2        235      142      130       59
   2        193      330      326      177
   2        125      139      150      326
   2        326      165      137      148
   2        147      325      135      169
   1        303      305      302      304
   1         42       13       54      253
   1        194      305      274      302
   1        276      169      161      192
   1        122       45      245      246
   1         56       55      128      112
   1         32      257      112      255
   1        123      294      148      137
   1        301      262      181      302
   1        314      310      321      202
   1        318      283      175      153
   1        315      270      183      308
   2        330      204      215      221
   2        166      125      150      326
   2        235      327      130      142
   1         55      257      128      112
   1        188      264      157      172
   1         30      116      270      104
   1        224      282      223      209
   1        118      294      293      313
   1         32      257      255      120
   1        281      185      192      161
   1        260      111      270      108
   1        217      271      183      315
   2        142      235       58       59
   1         26      270       79        2
   1        290      177      289      251
   1        274      194      216      197
   1        195      202      310      178
   1        114      276      281      119
   1        139      251      167      126
   1        317       74       75      322
   1        314      310      202      178
   1        289      290       71       75
   2        132      327      237      145
   2        213      326      201      182
   1        248       48      137       47
   1         80      269      291      296
   2        133       66      146      238
   1        273      173      275      200
   2         67       55      134      239
   1        262       97      181      265
   1        119      275      115       38
   1        320      216      224      197
   1        316      300      191      277
   1         48      248      137      124
   1        276      161      281      192
   1         80      308      324      269
   1        204      242      301      273
   2        330      210      214      208
   1        252      140       53       88
   2        217      224      330      329
   1        251      139      167      150
   1        289      251       71      290
   1        320      117      115      274
   1        282      114      281      115
   2        125      229       50       51
   1        152      303      155      302
   1        263      172      256      145
   1        244      122      169      135
   1         22       45      246       21
   1        147      173      169      272
   2        161      328      192      169
   1         44       84      135      245
   1         58       59      113      142
   1        244      122      135      245
   1        245       45       44       83
   1        282      276      161      281
   2        329      178      181      206
   2        141       56       57      234
   1         74      321      322      317
   2        175      172      188      329
   1        193      199      287      311
   1        199      177      193      287
   2        327      128      163      154
   2        124      138      326      228
   1         92      251       72      288
   1        166      288      286      193
   1         82      121      254       42
   1        199      309      319      210
   1         74      321      317      279
   1        205      308      186      269
   1        261       62      144      131
   1         82      121       42       43
   1        144      131      156      261
   1         34      303      105       57
   1        257      163      255      307
   1        221      302      274      273
   1         82      121       43      241
   1        302      221      274      194
   2        138      125      166      326
   2        180      151      174      328
   1         11        8       98      243
   2        330      185      328      209
   1        166      288      193      150
   1        201      213      296      218
   2        330      209      328      200
   1        290      317       75      323
   1        314      102       97      301
   1         73      267      310      266
   1        265      314      181      178
   1        295      195      164      160
   1        208      323      309      214
   2        159      185      161      326
   1        260       78      268       79
   1        150      193      287      288
   2        128      327      141      154
   1        266      267      310      164
   1        184      309      295      214
   1        314      321      207      202
   1        132      109      284      256
   1        284       14      144      261
   1        300      191      187      211
   1        216      312      200      274
   1        194      221      274      216
   1        316      206      314      207
   1        275      281      200      192
   2        144      131      236      327
   1        254       12       82       42
   1        310      322      195      295
   1        310      202      322      321
   2        204      330      328      200
   1        143      266      130      164
   1        311       10       76        9
   1        247      136      123      159
   1         48      248       28       27
   1        294      159      258      247
   1        250       29       93       90
   1        282      258      298      185
   2        330      206      207      202
   1        143      267      266      164
   2        327      146      134      239
   1         36      110      266      113
   2        327      144      153      132
   1        294      159      247      123
   1        209      200      281      192
   1        278      147      121      241
   1        272      278      241      147
   1         37      115      274      275
   1        121      147      135      241
   1        241       98      243       11
   1        121      135       43      241
   2         56      141      233      234
   1         84       43      241       82
   1        155      198      152      302
   1        143      106      130      266
   1        317      322       75      323
   1        132      172      256      284
   1        133      107       66       65
   1        265      314      178      310
   1        303      129      141       57
   1         92       41       72       40
   1        251       72      288      287
   1          4       29      286       10
   1         81       29       10      286
   1        297       69      319      299
   1        129      155      303      141
   1        265      113      266      130
   2        144      327      236      237
   1        264      256      283       77
   2        330      185      209      223
   1        205      186      218      269
   1         10      285      286      311
   2        132      145      237       64
   2        216      329      194      221
   2        209      192      328      200
   1        250      125      138       87
   2        173      204      328      200
   1         55      257       31      104
   1        257       55      134      104
   1        199      311       68      287
   1        310      322      295       73
   2        229      139      230       51
   2        144      327      153      156
   1        120      271      115      116
   2        211      204      330      328
   1        289      199       68      287
   1        299      318      190      153
   2        142      235      234       58
   1        265      314      310       97
   2        216      224      329      330
   1        265      314       97      181
   1        268      188      157      186
   1        184      210      309      214
   1        250      125       87      286
   2        126      151      325      140
   1        140      168      127      253
   1        292      179      313      148
   2        192      173      328      200
   1        147      169      135      272
   1         29      286      250       93
   1        294      159      123      148
   1        140       88      252      280
   1        115      271      315      116
   2        329      198      221      215
   1         85       47      123       46
   1         52      252      126       53
   1        247       85      123       46
   1        167      251      252      126
   1        294       85      123      247
   1        177      251      167      150
   1        252      151      290      167
   2        204      211      187      328
   1        257      158      146      134
   2        125      229      139      326
   1         64      263       18      256
   2        121       43      135      225
   1        257      158      270      146
   1        298      271      315      115
   2        326      159      148      123
   2        152      327      155      129
   1        206      314      181      301
   2        330      189      222      326
   1        264      172      263      157
   1        213      212      296      218
   1        205      308      269      324
   1        323      180      317      220
   1        184      195      295      160
   1        260      308      170      270
   1        297      184      295      160
   1        255       33      117      306
   1         32      117      120      255
   1        279      317      151      174
   2        327      134      163      128
   2        327      236      237      240
   1        193      285      203      311
   2        154      329      155      194
   1         73       70       75      295
   1        176      259      149      182
   1        136      247      123       46
   1        189      185      258      159
   1        209      282      223      185
   1        290      177      251      167
   2         44      122      135      226
   2        139      230       51       52
   1        308       80      315       79
   2        185      328      192      161
   2        183      196      217      329
   2        193      330      177      199
   1        248       85       47      137
   1        315      217      222      205
   2        327      235      236      240
   2        184      329      214      195
   2        327      170      146      133
   1        208      210      214      309
   1        176      259      182      296
   1        269      308      268       79
   2        193      330      199      203
   1        311       10        9       68
   1        184      319      309      210
   1        277       99       95      253
   1        298      224      282      223
   1        316      300      277      103
   1        269      201      296      218
   1         81       80      296       76
   1        291      165      248      259
   1        142      129      152      262
   1        301      262      302       96
   1        124      165      149      259
   1        311      199       68      319
   2        139      126      230       52
   1        124      149      249      259
   2        218      330      201      213
   2        326      179      201      182
   1        197      274      307      320
   1        314      301       97      181
   1         35      303      262       96
   1        191      316      207      211
   2        328      177      167      326
   1        313      179      222      189
   1        298      223      189      222
   1        204      242      187      211
   1        313      298      189      222
   2        203      199      219      330
   1        282      118      258      114
   1        298      115      315      118
   1        205      315      324      222
   1        281      276      192      244
   1        324      315      313      222
   2        327      145      238      237
   1        313      315      298      222
   1          8       98      243       38
   1         25      293       80      313
   2        190      210      329      219
   1         81      250      285      259
   1        322      202      310      195
   1        280      253       88       99
   1         52      251      139      126
   1        292      179      291      313
   1        277      191      207      174
   1        284       77      256       17
   1        277      316      279      207
   1         18       77      256      263
   1        212      264      283       76
   2        327      239      233      240
   2        329      218      212      330
   1        248       81      259      249
   1        270      315      183      271
   2        217      222      205      330
   1        117      305      274      307
   1        320      117      120      115
   2        329      217      205      330
   1        168      253      279      277
   1        168      280      151      279
   1         74      321      279       24
   2        205      218      330      201
   1        297       70      295      309
   1        190      318      319      219
   1        132      172      284      153
   1         29        4      286       91
   1         77       18      256       17
   1        284      283        9      318
   1        296       81      285      259
   2        213      326      182      176
   2        236       60      130      143
   2        327      131      160      156
   1         81      250      259      249
   1        299      318       69      319
   1        267      297      160      261
   1        302      221      301      273
   2        205      329      330      218
   2        165      326      149      182
   1        223      282      298      185
   1        101       98       38      275
   1        260      146      270      170
   1        316      321      279      207
   1        305      154      307      255
   1        294      293      313      292
   1        300      211      242      301
   2        330      329      206      202
   1        297      184      156      190
   1        268      188      186      218
   1        269       76      268      218
   1        217      298      222      223
   1        313      258      189      298
   1        312      274      320      115
   1        245       21       83       20
   1        120      320      115      271
   1         35      303       96       34
   1        314      316      321      102
   2        131      327      143      236
   2        185      328      209      192
   2        229      138       50       49
   2        138      166      149      326
   1        269      205      324      201
   1        320      197      196      307
   1        308      315      324      205
   2        128       56      141      233
   1        166      288      150      125
   1        251       92      139      288
   2        164      327      160      329
   1        245       20      243      119
   1        243      275      119       38
   2        325      231      126      140
   1        243       11       20       83
   1         76      264      268      218
   1        263      157      260      268
   2        131      236       61       62
   1        320      216      197      274
   1         17      109       64      256
   1        264      157      263      268
   1        274      101      302       37
   1        290       74       71       75
   2        177      167      326      150
   1         88      140       54      253
   1        266      310      265      164
   1        272      275       98      273
   1        314      310       97      321
   1        317      220      322      323
   1        125       51       50       87
   1         42       13      253       12
   1        306      155      154      141
   1        262      171      265      181
   1         61      261       15      267
   1        267       15       61      106
   1        164      310      265      178
   2        327      133      146      238
   2        327      152      142      129
   1        213      176      285      203
   2        330      211      207      206
   2        149      138      326      124
   2        327      131      143      160
   2        214      329      202      195
   1        260      308      268      170
   2        183      170      158      329
   1        241       98       11       94
   1        183      270      170      308
   1        272      242       98       94
   1        241       98       94      272
   1        144       14      284      109
   2        146       66      239      238
   2        216      329      197      194
   1        283      311       76        9
   1        318      311        9       68
   1        267      297      261       70
   1          9       14      284       69
   1          9       14        1      284
   1         30      270      116       26
   2         60      235      130       59
   1         26      115      315      116
   1        282      118      114      115
   1        270      315      271      116
   2        329      198      194      221
   1         26      115       25      315
   1        271      163      158      257
   2        235       60      130      236
   1        321      102      279       24
   1        105      303      141       57
   1        102      316      279      277
   1        143      267      164      160
   1        172      157      145      263
   1        321      316      279      102
   1        157      133      145      263
   1        250      176      149      166
   1        206      215      301      181
   1        206      316      211      207
   2         55      134      239      233
   2        132      144       63      237
   1        267      131      261      160
   1        157      186      170      268
   2        237      145      238       64
   1        168      151      174      279
   1         70       15      261      267
   2        329      210      214      330
   1        299      144      153      156
   1        285      166      250      286
   1         61      261      267      131
   2        132      327      145      172
   1        301      262       96       97
   1        305      117      255      307
   1         10      285      311       76
   2        326      165      149      124
   1        316      300      103      301
   1        250       81      285      286
   1        299      190      156      153
   2        225       43      135      226
   1        297      184      160      156
   1         70      297      261       69
   1        302      301       96      101
   1        305       37      274      302
   1        267      295      310      164
   1        295      195      310      164
   1         10      285       76       81
   1        289      290       75      323
   1        267      297       70      295
   1        323      180      220      208
   2         67       66      239      146
   1         78      260       19       79
   2        133      145       65      238
   1         74       73       75      322
   2        196      329      163      197
   1        309      322      214      323
   1        195      202      214      322
   1        202      322      220      214
   1        179      324      291      313
   1         20        8      243       38
   1         73      321       24       97
   1        314      206      181      178
   1        206      202      178      314
   1        266        3       36       97
   2        327      132      153      172
   2        238      145       65       64
   2        136       45       46      227
   1        195      184      295      214
   2         66      133       65      238
   1        205      201      269      218
   2        327      157      145      172
   1        217      271      224      196
   1        158      183      196      271
   1        290      177      167      180
   1        184      297      295      309
   2        172      153      329      175
   1        177      180      289      208
   1        311      219      199      319
   1        318      190      175      219
   2        212      218      213      330
   1        212      311      219      203
   1        119       20      243       38
   1        180      220      174      317
   2        123      136       46      227
   1        312      275      281      200
   2        170      157      133      327
   1        312      275      200      274
   2        237      132       64       63
   1        210      190      319      219
   2        178      164      195      329
   1        199      309      210      208
   1         80       81      296      291
   1        291      165      259      182
   1        291      165      182      179
   1         58      113       36      142
   1        272      278      147      242
   1        269       80      291      324
   1        324       80      291      313
   1        102       99      279       24
   1        140       88       54       53
   1        149      165      182      259
   1         85      294      123      137
   1        220      208      214      323
   1        212      264       76      218
   1        212      264      218      188
   1         81      248       28      249
   1        133      157      260      263
   1        270      158      183      170
   1        107      263      133      260
   1        133      263      107       65
   1        265      113       36      266
   2        186      157      329      188
   1        264      256      263      172
   2        327      128      141      233
   1        306       56      112      105
   2        164      327      143      160
   2        325      227      226      136
   2        328      167      325      326
   2        327      235      240      234
   2        204      211      330      215
   2        329      212      175      219
502
   1            1        9       14
   1            9       10       68
   1           15       14       69
   1           16       15       70
   1           15       69       70
   1           40       39       71
   1           41       40       72
   1           68       10       72
   1           40       71       72
   1            3       16       73
   1           39        7       74
   1            4       41       10
   1           39       74       71
   1           10       41       72
   1           72       71       68
   1           73       16       70
   1            9       68       69
   1           69       68       70
   1           70       68       75
   1           73       70       75
   1           68       71       75
   1            9       69       14
   1            7       24       74
   1           24       73       74
   1           75       71       74
   1           75       74       73
   1           24        3       73
   2            9        1       17
   2           10        9       76
   2            4       10       29
   2           17       18       77
   2           18       19       78
   2           19        2       79
   2           78       19       79
   2            2       26       79
   2           25        6       27
   2           26       25       80
   2           25       27       80
   2           28       29       81
   2           77       18       78
   2           27       28       81
   2           29       10       81
   9          239      238      240
   2           26       80       79
   2           79       80       76
   2           76        9       77
   9          233      239      240
   2           77        9       17
   2           76       77       78
   2           27       81       80
   9          238      237      240
   2           76       80       81
   2           10       76       81
   2           78       79       76
   9          237      236      240
   3            8       11       20
   3           11       12       82
   3           54       42       13
   3           21       20       83
   3           22       21       45
   3            6       23       27
   3           28       27       48
   3           39       40       52
   3           42       43       82
   3           43       44       84
   3           44       45       83
   3           46       47       85
   3           49       50       86
   3           50       51       87
   3           20       11       83
   3           54       13       88
   3           45       21       83
   3           13        7       88
   3           22       45       89
   3           27       23       85
   3           28       48       90
   3           39       52       88
   3           29       28       90
   3            4       29       91
   3            7       39       88
   3           40       41       92
   3           41        4       91
   3           43       84       82
   3           49       86       90
   3           50       87       86
   3           51       52       92
   3           52       40       92
   3           51       92       87
   3           82       12       42
   3           12       13       42
   3           11       82       84
   3           23       22       89
   3           48       27       47
   3           92       41       91
   3           44       83       84
   3           46       85       89
   3           45       46       89
   3           48       49       90
   3           53       54       88
   3           47       27       85
   3           29       90       93
   3           92       91       87
   3           91       93       87
   3           85       23       89
   3           83       11       84
   3           91       29       93
   3           86       87       93
   3           88       52       53
   3           93       90       86
   4           12       11       94
   4           13       12       95
   4           34       35       96
   4           36       97       35
   4           11        8       98
   4            7       13       99
   4            5       34      100
   4           35       97       96
   4           11       98       94
   4           36        3       97
   4           37        5      100
   4           38       37      101
   4            8       38       98
   4           12       94       95
   9          236      235      240
   4           99       13       95
   4          100       34       96
   4           24        7       99
   4           99       95      102
   4           95       94      103
   4          102       95      103
   4           94       98      103
   4           24       99      102
   4           24      102       97
   4           97      102      103
   4            3       24       97
   9          234      233      240
   4          100       96      101
   4           38      101       98
   4          101       37      100
   4           98      101      103
   4           96       97      101
   4          101       97      103
   5           14       15       62
   5           18       17       64
   5           31       30      104
   5           55      112       31
   5            5       33       34
   5           35       34       58
   5           36       35       58
   5           56       57      105
   5           60       61      106
   5           65       66      107
   5           66       67      108
   5           64       17      109
   5            1       14      109
   5           15       16      106
   5           16        3      110
   5           17        1      109
   5           19       18      107
   5            2       19      111
   5           32       31      112
   5           34       33      105
   5           36       58      113
   5           55       56      112
   5           60      106      113
   5           63       64      109
   5           66      108      107
   5           67       55      104
   5           62       15       61
   5           55       31      104
   5           67      104      108
   5          106       16      110
   5           61       15      106
   5           18       64       65
   5          111       19      107
   5           30        2      111
   5           36      113      110
   5           33       32      112
   5           58       34       57
   5           56      105      112
   5            3       36      110
   5          113      106      110
   5           63      109       14
   5          107       18       65
   5          104       30      111
   5           57       34      105
   5           63       14       62
   5           59       60      113
   5          104      111      108
   5           33      112      105
   5          108      111      107
   5           58       59      113
   6            8       20       38
   6           21       22      114
   6           23        6       25
   6           25       26      115
   6           26        2       30
   6           30       31      116
   6           32       33      117
   6           37       38      115
   6          114       22      118
   6           22       23      118
   6           20       21      119
   6           23       25      118
   6           25      115      118
   6          116       31      120
   6           31       32      120
   6           32      117      120
   6           33        5       37
   6           21      114      119
   6           38       20      119
   6           33       37      117
   6           30      116       26
   6          114      118      115
   6           26      116      115
   6          116      120      115
   6          117       37      115
   6          115       38      119
   6          115      120      117
   6          114      115      119
   7           42       43      121
   7           44       45      122
   7           46       47      123
   7           48       49      124
   7           50       51      125
   7           52       53      126
   7           54       42      127
   7           42      121      127
   7           55       56      128
   7           57       58      129
   7           59       60      130
   7           61       62      131
   7           63       64      132
   7           65       66      133
   7           67       55      134
   7           55      128      134
   7           43       44      135
   7           45       46      136
   7           47       48      137
   7           49       50      138
   7           51       52      139
   7           53       54      140
   7          128       56      141
   7           56       57      141
   7           57      129      141
   7           58       59      142
   7           60       61      143
   7           62       63      144
   7           64       65      145
   7           66       67      146
   7          135       44      122
   7           43      135      121
   7          122       45      136
   7          123       47      137
   7          124       49      138
   7          125       51      139
   7          126       53      140
   7          129       58      142
   7          130       60      143
   7          131       62      144
   7          132       64      145
   7          133       66      146
   7          136       46      123
   7          137       48      124
   7          138       50      125
   7          139       52      126
   7          140       54      127
   7          144       63      132
   7          145       65      133
   7          146       67      134
   7          143       61      131
   7          142       59      130
   7          121      135      147
   7          123      137      148
   7          124      138      149
   7          125      139      150
   7          126      140      151
   7          129      142      152
   7          144      132      153
   7          128      141      154
   7          141      129      155
   7          154      141      155
   7          129      152      155
   7          131      144      156
   7          144      153      156
   7          145      133      157
   7          146      134      158
   7          136      123      159
   7          123      148      159
   7          143      131      160
   7          131      156      160
   7          122      136      161
   7          136      159      161
   7          127      121      162
   7          121      147      162
   7          134      128      163
   7          158      134      163
   7          128      154      163
   7          130      143      164
   7          143      160      164
   7          137      124      165
   7          138      125      166
   7          139      126      167
   7          140      127      168
   7          148      137      165
   7          147      135      169
   7          135      122      169
   7          157      133      170
   7          133      146      170
   7          142      130      171
   7          132      145      172
   7          146      158      170
   7          142      171      152
   7          127      162      168
   7          172      145      157
   7          167      126      151
   7          166      125      150
   7          153      132      172
   7          165      124      149
   7          151      140      168
   7          150      139      167
   7          149      138      166
   7          169      122      161
   7          171      130      164
   7          147      169      173
   7          151      168      174
   7          153      172      175
   7          149      166      176
   7          150      167      177
   7          171      164      178
   7          148      165      179
   7          167      151      180
   7          177      167      180
   7          151      174      180
   7          152      171      181
   7          171      178      181
   7          165      149      182
   7          149      176      182
   7          170      158      183
   7          160      156      184
   7          161      159      185
   7          157      170      186
   7          170      183      186
   7          162      147      187
   7          147      173      187
   7          172      157      188
   7          175      172      188
   7          157      186      188
   7          159      148      189
   7          185      159      189
   7          148      179      189
   7          156      153      190
   7          184      156      190
   7          153      175      190
   7          168      162      191
   7          174      168      191
   7          162      187      191
   7          169      161      192
   7          169      192      173
   7          166      150      193
   7          165      182      179
   7          154      155      194
   7          192      161      185
   7          164      160      195
   7          166      193      176
   7          183      158      196
   7          158      163      196
   7          160      184      195
   7          164      195      178
   7          163      154      197
   7          196      163      197
   7          154      194      197
   7          155      152      198
   7          194      155      198
   7          152      181      198
   7          193      150      177
   7          193      177      199
   7          173      192      200
   7          179      182      201
   7          178      195      202
   7          176      193      203
   7          193      199      203
   7          187      173      204
   7          173      200      204
   7          186      183      205
   7          181      178      206
   7          178      202      206
   7          174      191      207
   7          199      177      208
   7          177      180      208
   7          200      192      209
   7          192      185      209
   7          184      190      210
   7          191      187      211
   7          207      191      211
   7          187      204      211
   7          175      188      212
   7          182      176      213
   7          195      184      214
   7          198      181      215
   7          181      206      215
   7          197      194      216
   7          205      183      217
   7          183      196      217
   7          188      186      218
   7          212      188      218
   7          186      205      218
   7          202      195      214
   7          190      175      219
   7          210      190      219
   7          175      212      219
   7          180      174      220
   7          208      180      220
   7          174      207      220
   7          214      184      210
   7          201      182      213
   7          194      198      221
   7          216      194      221
   7          198      215      221
   7          189      179      222
   7          179      201      222
   7          209      185      223
   7          185      189      223
   7          213      176      203
   7          202      214      220
   7          214      210      208
   7          200      209      216
   7          201      213      218
   7          204      200      221
   7          206      202      207
   7          203      199      219
   7          213      203      212
   7          197      216      224
   7          196      197      224
   7          216      209      224
   7          207      202      220
   7          212      203      219
   7          200      216      221
   7          206      207      211
   7          213      212      218
   7          214      208      220
   7          199      208      210
   7          209      223      224
   7          201      218      205
   7          199      210      219
   7          201      205      222
   7          204      221      215
   7          189      222      223
   7          204      215      211
   7          217      196      224
   7          205      217      222
   7          215      206      211
   7          224      223      217
   7          222      217      223
   8           43       42      225
   8           44       43      226
   8           43      225      226
   8           45       44      226
   8           46       45      227
   8           45      226      227
   8           47       46      227
   8           48       47      228
   8           49       48      228
   8           47      227      228
   8           50       49      229
   8           49      228      229
   8           51       50      229
   8           52       51      230
   8           53       52      230
   8           51      229      230
   8           54       53      231
   8           42       54      231
   8           53      230      231
   8           42      231      225
   8          227      226      232
   8          226      225      232
   8          228      227      232
   8          229      228      232
   8          230      229      232
   8          225      231      232
   8          231      230      232
   9           56       55      233
   9           57       56      234
   9           56      233      234
   9           58       57      234
   9           59       58      235
   9           58      234      235
   9           60       59      235
   9           61       60      236
   9           62       61      236
   9           60      235      236
   9           63       62      237
   9           62      236      237
   9           64       63      237
   9           65       64      238
   9           66       65      238
   9           64      237      238
   9           67       66      239
   9           55       67      239
   9           66      238      239
   9           55      239      233
   9          235      234      240
